0 4096
304599 0
329194 4096
545738 8192
617719 4096
763525 8192
933717 4096
989488 8192
1238038 12288
1242716 8192
1502166 12288
1557194 8192
1802010 12288
1868747 8192
2143312 12288
2182661 8192
2495871 4096
2539624 8192
2812965 4096
3026684 8192
3120861 4096
3435883 0
3612462 4096
3751799 0
4411688 4096
4633268 8192
4686772 4096
4839954 8192
5001043 4096
5049293 8192
5272642 12288
5311750 8192
5509392 12288
5624710 8192
5775978 12288
5937799 8192
6076761 12288
6251976 8192
6418687 12288
6564899 8192
6816797 12288
6876709 8192
7193410 4096
7292379 8192
7504405 4096
7817188 0
7898053 4096
8133863 0
8699776 4096
8758460 0
8922032 4096
9072733 0
9123508 4096
9332278 8192
9381322 4096
9549056 8192
9698748 4096
9795600 8192
10007415 4096
10064469 8192
10319766 4096
10365737 8192
10637939 4096
10710045 8192
10950661 4096
11108243 8192
11263752 4096
11572929 0
11580534 4096
11888198 0
12184918 4096
12197859 0
12955856 4096
13141812 0
13177200 4096
13377624 8192
13451121 4096
13583775 8192
13763897 4096
13805217 8192
14050598 12288
14076276 8192
14315493 12288
14391844 8192
14613505 12288
14702376 8192
14956318 12288
15014811 8192
15332896 4096
15399231 8192
15642430 4096
15885910 8192
15953697 4096
16267913 0
16473273 4096
16584721 0
17270883 4096
17480647 8192
17519855 4096
17689691 8192
17832400 4096
17898053 8192
18121101 12288
18144983 8192
18359336 12288
18462714 8192
18626126 12288
18771462 8192
18926889 12288
19088742 8192
19268880 12288
19396870 8192
19670837 12288
19709739 8192
20024324 4096
20142570 8192
20336580 4096
20651994 0
20747611 4096
20964112 0
21549462 4096
21589231 0
21776268 4096
21900983 0
21976833 4096
22186334 8192
22213707 4096
22408278 8192
22531765 4096
22668837 8192
22841244 4096
22938208 8192
23153694 4096
23238720 8192
23467836 4096
23581462 8192
23783809 4096
23980732 8192
24096735 4096
24409619 0
24452161 4096
24722865 0
25057480 4096
25344802 0
25826762 4096
25970452 0
26049619 4096
26251315 8192
26283063 4096
26454812 8192
26596580 4096
26681400 8192
26911742 4096
26924646 8192
27195627 12288
27222832 8192
27485456 12288
27536366 8192
27848560 4096
27863423 8192
28165852 4096
28270387 8192
28477051 4096
28750201 8192
28786720 4096
29101370 0
29337184 4096
29416399 0
30133816 4096
30351753 0
30355507 4096
30555859 8192
30664884 4096
30759795 8192
30981259 4096
30981369 8192
31218503 12288
31290710 8192
31463837 12288
31604407 8192
31750387 12288
31916835 8192
32076838 12288
32233541 8192
32453118 12288
32544098 8192
32859134 4096
32896776 8192
33173844 4096
33478734 8192
33481735 4096
33795690 0
34182045 4096
34408742 8192
34421166 4096
34611300 8192
34734747 4096
34815106 8192
35034142 12288
35046730 8192
35256890 12288
35360492 8192
35512666 12288
35677755 8192
35805155 12288
35986935 8192
36135144 12288
36299166 8192
36516925 12288
36613726 8192
36925881 4096
36961358 8192
37238809 4096
37547070 8192
37550772 4096
37864583 0
38255119 4096
38477405 8192
38489756 4096
38675165 8192
38807749 4096
38881219 8192
39099851 12288
39115844 8192
39322091 12288
39432427 8192
39578564 12288
39743686 8192
39866074 12288
40054798 8192
40192730 12288
40372732 8192
40570086 12288
40681807 8192
40998939 4096
41015945 8192
41312052 4096
41596970 8192
41620413 4096
41934804 0
42301533 4096
42529108 8192
42559421 4096
42726944 8192
42873590 4096
42928352 8192
43148907 12288
43184713 8192
43371223 12288
43498178 8192
43628636 12288
43814254 8192
43920554 12288
44124863 8192
44247633 12288
44436712 8192
44629227 12288
44749719 8192
45063918 4096
45073375 8192
45380867 4096
45659401 8192
45689636 4096
46004282 0
46367523 4096
46591362 8192
46627986 4096
46792669 8192
46942237 4096
46994853 8192
47210360 12288
47254316 8192
47433051 12288
47567043 8192
47690136 12288
47883860 8192
47981151 12288
48195907 8192
48309246 12288
48506226 8192
48690837 12288
48823739 8192
49136871 4096
49137009 8192
49449896 4096
49717948 8192
49757741 4096
50070765 0
50426355 4096
50653001 8192
50696715 4096
50851439 8192
51010621 4096
51052988 8192
51268459 12288
51322721 8192
51490645 12288
51635718 8192
51748176 12288
51948766 8192
52035796 12288
52266778 8192
52367427 12288
52576900 8192
52747014 12288
52889548 8192
53191367 12288
53201188 8192
53518834 4096
53730337 8192
53828362 4096
54139674 0
54487038 4096
54710378 8192
54766537 4096
54910189 8192
55080105 4096
55112179 8192
55328281 12288
55392462 8192
55564481 12288
55705922 8192
55820396 12288
56017719 8192
56107890 12288
56330730 8192
56434518 12288
56648768 8192
56812183 12288
56957723 8192
57255860 12288
57269738 8192
57584189 4096
57797446 8192
57900725 4096
58208743 0
58554116 4096
58779417 8192
58835627 4096
58981625 8192
59149345 4096
59184627 8192
59407137 12288
59460701 8192
59633339 12288
59776116 8192
59893911 12288
60090845 8192
60181387 12288
60404731 8192
60507916 12288
60713660 8192
60884546 12288
61026825 8192
61331913 12288
61338772 8192
61652770 4096
61876624 8192
61965018 4096
62282867 0
62634183 4096
62859579 8192
62904410 4096
63059306 8192
63217787 4096
63260943 8192
63477246 12288
63531519 8192
63703926 12288
63843489 8192
63959378 12288
64157354 8192
64251428 12288
64473471 8192
64579961 12288
64781758 8192
64959666 12288
65094742 8192
65405285 12288
65407963 8192
65722042 4096
65946894 8192
66034201 4096
66351904 0
66708846 4096
66935044 8192
66973405 4096
67133195 8192
67285755 4096
67336667 8192
67553636 12288
67598820 8192
67775214 12288
67913324 8192
68030701 12288
68225579 8192
68321808 12288
68539191 8192
68653272 12288
68850779 8192
69034900 12288
69167631 8192
69477921 4096
69478769 8192
69792721 4096
70064898 8192
70102731 4096
70416353 0
70768396 4096
70967894 8192
71041702 4096
71165105 8192
71356017 4096
71367074 8192
71583314 12288
71668025 8192
71809478 12288
71982566 8192
72067412 12288
72294157 8192
72354869 12288
72608155 8192
72701010 12288
72923691 8192
73080039 12288
73233455 8192
73524951 12288
73545717 8192
73860437 4096
74067392 8192
74173327 4096
74484879 0
74824915 4096
75046335 8192
75110696 4096
75245405 8192
75428780 4096
75446889 8192
75667673 12288
75738652 8192
75894040 12288
76050764 8192
76154456 12288
76363911 8192
76442375 12288
76678662 8192
76772083 12288
76993597 8192
77301662 4096
77614675 0
