0 333333333
333965 114000000
452504 130000000
587997 138000000
730010 146000000
879625 158000000
1040422 168000000
1208807 184000000
1393583 199000000
1594085 219000000
1815293 246000000
2061759 274000000
2337929 313000000
2651346 371000000
3025268 437000000
3462850 561000000
4027596 726000000
4759231 999999999
5765249 999999999
6770783 999999999
7773979 999999999
8775287 999999999
9778750 999999999
10783594 999999999
11786798 116000000
11903388 122000000
12026430 129000000
12160757 138000000
12301490 146000000
12451404 158000000
12610453 168000000
12779724 184000000
12964138 199000000
13163588 219000000
13383055 246000000
13629948 274000000
13907282 313000000
14221562 371000000
14595300 437000000
15037752 561000000
15600223 726000000
16327704 999999999
17333537 999999999
18339282 999999999
19342547 999999999
20344960 999999999
21346107 999999999
22349993 999999999
23355950 116000000
23477681 122000000
23605221 129000000
23736402 138000000
23878853 146000000
24026854 158000000
24202538 168000000
24376202 184000000
24562417 199000000
24762982 219000000
24982362 246000000
25229327 274000000
25504699 313000000
25819627 371000000
26191885 437000000
26629395 561000000
27191139 726000000
28191504 999999999
29191995 999999999
30192270 999999999
31193571 999999999
32195151 999999999
33195769 999999999
34196230 999999999
35196892 116000000
35313250 122000000
35435614 129000000
35564920 138000000
35704164 146000000
35852846 158000000
36011439 168000000
36179855 184000000
36364652 199000000
36563910 221000000
36785435 243000000
37030461 277000000
37308093 313000000
37621786 371000000
37993376 437000000
38430906 561000000
38993710 726000000
39725078 999999999
40727340 999999999
41727658 999999999
42730559 999999999
43731893 999999999
44736844 999999999
45739486 999999999
46743514 116000000
46861850 122000000
46989618 129000000
47119336 138000000
47260294 147000000
47411611 156000000
47569332 170000000
47741234 182000000
47924409 199000000
48126258 221000000
48353157 243000000
48597957 277000000
48876725 313000000
49192743 371000000
49645286 437000000
50083921 561000000
50650777 726000000
51378438 999999999
52380221 999999999
53380813 999999999
54381863 999999999
55382667 999999999
56383648 999999999
57385616 999999999
58388180 116000000
58506892 122000000
58629705 129000000
58763207 138000000
58906913 146000000
59057130 158000000
59221750 168000000
59395635 184000000
59584161 199000000
59784164 221000000
60008494 246000000
60258146 274000000
60534576 313000000
60848726 371000000
61220790 437000000
61783118 561000000
62345333 726000000
63073155 999999999
64074509 999999999
65075293 999999999
66078329 999999999
67084286 999999999
68087011 999999999
69089772 999999999
69195557 116000000
69312513 122000000
69440433 129000000
69575533 137000000
69718138 147000000
69870978 156000000
70032389 170000000
70208151 182000000
70393225 201000000
70595116 219000000
70820081 243000000
71065718 277000000
71343907 317000000
71666331 365000000
72031971 437000000
72469768 561000000
73031746 726000000
73759598 999999999
74761250 999999999
75761861 999999999
76762674 999999999
77768362 999999999
78769526 999999999
79771797 999999999
80774316 116000000
80890948 122000000
81013361 129000000
81146868 137000000
81284970 147000000
81435990 156000000
81597383 170000000
81772988 182000000
81960509 201000000
82162547 219000000
82383324 243000000
82630536 277000000
82912077 317000000
83229556 313000000
83543901 446000000
83990900 437000000
84554149 751000000
85307802 726000000
86039926 999999999
87041624 999999999
88044126 999999999
89047098 999999999
90047803 999999999
91048892 999999999
92050864 105000000
92161532 116000000
92277895 122000000
92405402 138000000
92546647 137000000
92684430 157000000
92846842 156000000
93003808 184000000
93189284 182000000
93375585 221000000
93599042 246000000
93850458 243000000
94099250 317000000
94417365 313000000
94731365 446000000
95183211 437000000
95623856 751000000
96377412 726000000
97105944 999999999
98108881 999999999
99110125 999999999
100114113 999999999
101115765 999999999
102117186 999999999
103119198 105000000
103225486 116000000
103343196 129000000
103473444 129000000
103604045 138000000
103745960 146000000
103896393 158000000
104055701 184000000
104241877 201000000
104448883 199000000
104672863 246000000
104921475 243000000
105166452 277000000
105444655 371000000
105816859 447000000
106255059 437000000
106697997 751000000
107450544 726000000
108178866 999999999
109179419 999999999
110180189 999999999
111180897 999999999
112182123 999999999
113183439 999999999
114185977 105000000
114292210 116000000
114411456 122000000
114534548 129000000
114667521 147000000
114819982 146000000
114971291 170000000
115146800 168000000
115316179 201000000
115517741 221000000
115742488 219000000
115963795 277000000
116246417 318000000
116566361 313000000
116880142 446000000
117327454 437000000
117765835 751000000
118517993 726000000
119244983 999999999
120245738 999999999
121246863 999999999
122247571 999999999
123253470 999999999
124255939 999999999
125259318 105000000
125365924 116000000
125483027 122000000
125606645 138000000
125749996 137000000
125889293 157000000
126051636 156000000
126210482 184000000
126396103 182000000
126578874 221000000
126800887 246000000
127047293 243000000
127294755 317000000
127613919 313000000
127928597 446000000
128377503 437000000
128815889 751000000
129568448 726000000
130295177 999999999
131296345 999999999
132297123 999999999
133298814 999999999
134302679 999999999
135306926 999999999
136309237 105000000
136414998 116000000
136532809 129000000
136667182 129000000
136798454 147000000
136946369 146000000
137093978 170000000
137269625 168000000
137438344 201000000
137639906 199000000
137842940 246000000
138090169 243000000
138335343 277000000
138614183 371000000
138987615 447000000
139436016 437000000
139877177 751000000
140628959 726000000
141358405 999999999
142360361 999999999
143361279 999999999
144363211 999999999
145364673 999999999
146365249 999999999
147366229 105000000
147474767 116000000
147593783 122000000
147717345 129000000
147846909 147000000
147997612 146000000
148145881 170000000
148316307 168000000
148486766 201000000
148690304 221000000
148916916 219000000
149164158 277000000
149442050 318000000
149761446 313000000
150080642 446000000
150528777 437000000
150966554 751000000
151719308 726000000
152445952 999999999
153450808 999999999
154452373 999999999
155455604 999999999
156456576 999999999
157458418 999999999
158460583 105000000
158566760 116000000
158684570 122000000
158809676 138000000
158953088 137000000
159093654 157000000
159251842 156000000
159409482 184000000
159598953 182000000
159786658 221000000
160009115 246000000
160260632 243000000
160509181 277000000
160791982 371000000
161168850 447000000
161617087 437000000
162058596 751000000
162812258 726000000
163541431 999999999
164543892 999999999
165544580 999999999
166547549 999999999
167552581 999999999
168555368 999999999
169558752 105000000
169669290 116000000
169790760 122000000
169913300 129000000
170047834 147000000
170198079 146000000
170344674 170000000
170515161 168000000
170685397 201000000
170889102 199000000
171090006 246000000
171341797 277000000
171620322 318000000
171939720 313000000
172254089 446000000
172703803 437000000
173143471 751000000
173897974 726000000
174627626 999999999
175629864 999999999
176631591 999999999
177632194 999999999
178633505 999999999
179637970 999999999
180639655 105000000
180745719 116000000
180862091 122000000
180984823 138000000
181125426 137000000
181263014 157000000
181425382 156000000
181582140 184000000
181767460 182000000
181950517 221000000
182172707 246000000
182420906 243000000
182664812 317000000
182983297 313000000
183297284 446000000
183744313 437000000
184183371 751000000
184936082 726000000
185668058 999999999
186670641 999999999
187676507 999999999
188679977 999999999
189681414 999999999
190687148 999999999
191688291 105000000
191795113 116000000
191911876 129000000
192041816 129000000
192171356 138000000
192310040 157000000
192472460 156000000
192634132 184000000
192821409 201000000
193027973 199000000
193232748 246000000
193479805 243000000
193726584 277000000
194006149 371000000
194378228 447000000
194828341 437000000
195267470 751000000
196019127 726000000
196748417 999999999
197754731 999999999
198756070 999999999
199760160 999999999
200764828 999999999
201767084 999999999
202771564 105000000
202877287 116000000
202993798 122000000
203116959 129000000
203251834 147000000
203404293 146000000
203551364 170000000
203726864 168000000
203897490 201000000
204100084 221000000
204322615 219000000
204543220 277000000
204822775 318000000
205144829 313000000
205520976 446000000
205972586 437000000
206537089 751000000
207289657 726000000
