0 333333333
333942 117000000
452186 90000000
543113 76000000
622141 68000000
695575 58000000
755596 55000000
811133 54000000
870443 54000000
928697 55000000
984892 60000000
1045671 64000000
1112651 71000000
1188967 83000000
1272950 133000000
1411248 200000000
1612766 500000000
2114618 500000000
2620698 500000000
3123534 500000000
3624560 500000000
4129508 500000000
4631313 500000000
5132419 500000000
5634002 500000000
6135749 999999999
7138525 666000000
7810175 222000000
7995041 142000000
8142601 125000000
8270757 105000000
8379517 95000000
8475088 90000000
8570409 86000000
8657007 86000000
8743597 90000000
8835313 117000000
8957641 133000000
9093932 250000000
9349436 400000000
9750282 999999999
10756430 999999999
11762849 999999999
12769363 500000000
13275487 166000000
13447114 125000000
13577948 95000000
13678494 83000000
13762354 76000000
13844025 74000000
13923398 71000000
13999788 71000000
14071256 74000000
14147940 90000000
14239387 100000000
14340039 117000000
14457596 250000000
14709861 500000000
15216133 500000000
15721556 500000000
16227168 500000000
16733278 500000000
17234390 500000000
17740264 500000000
18242203 500000000
18743978 999999999
19745424 666000000
20417330 181000000
20603912 133000000
20738958 100000000
20844389 86000000
20935156 80000000
21016942 76000000
21095187 74000000
21170193 74000000
21246479 76000000
21322889 95000000
21419634 105000000
21529966 125000000
21660439 285000000
21947168 666000000
22615038 666000000
23287244 666000000
23959599 666000000
24630560 666000000
25302863 999999999
26305205 285000000
26596088 181000000
26744308 125000000
26876085 105000000
26986655 90000000
27077687 83000000
27163677 80000000
27246194 83000000
27334620 83000000
27422942 86000000
27514306 95000000
27609753 142000000
27757100 181000000
27939469 999999999
28946175 999999999
29953097 999999999
30956229 999999999
31958566 153000000
32117203 111000000
32233617 90000000
32329241 74000000
32408705 66000000
32480100 62000000
32542704 60000000
32608158 62000000
32670989 62000000
32734710 64000000
32799647 68000000
32868653 90000000
32959656 105000000
33070024 133000000
33208557 500000000
33710544 500000000
34212144 500000000
34717927 500000000
35224445 500000000
35726501 500000000
36230651 500000000
36737364 500000000
37242903 500000000
37749223 500000000
38254336 999999999
39260955 500000000
39762761 166000000
39934442 125000000
40065102 105000000
40176134 83000000
40260414 76000000
40336997 74000000
40411449 76000000
40488453 76000000
40565408 80000000
40646281 86000000
40732764 125000000
40858067 153000000
41011749 500000000
41517424 999999999
42524170 999999999
43530130 999999999
44535911 500000000
45037901 222000000
45265811 142000000
45408552 105000000
45519060 90000000
45609602 83000000
45698029 80000000
45779579 76000000
45861020 76000000
45938039 80000000
46020233 100000000
46137024 111000000
46253494 133000000
46392098 333000000
46725989 999999999
47732262 999999999
48738958 999999999
49741591 999999999
50744264 153000000
50902955 111000000
51019526 90000000
51115281 68000000
51188400 62000000
51251655 58000000
51311269 57000000
51369984 58000000
51433155 58000000
51492192 60000000
51557042 64000000
51626425 71000000
51701990 105000000
51812319 133000000
51950728 200000000
52156569 500000000
52662649 500000000
53165166 500000000
53671589 500000000
54177582 500000000
54683335 500000000
55184510 500000000
55689659 500000000
56195723 500000000
56697481 999999999
57703863 500000000
58209667 222000000
58435255 142000000
58580436 105000000
58688833 90000000
58784271 83000000
58872841 80000000
58955458 76000000
59034805 76000000
59111883 80000000
59193050 100000000
59298379 111000000
59410505 133000000
59547171 333000000
59882567 999999999
60884925 999999999
61891476 999999999
62897755 999999999
63903972 153000000
64062538 111000000
64174734 80000000
64255848 68000000
64329291 62000000
64394351 58000000
64455783 57000000
64513216 58000000
64572466 58000000
64635823 60000000
64700768 64000000
64770079 71000000
64841671 105000000
64947211 133000000
65080970 200000000
65285533 500000000
65791404 500000000
66294745 500000000
66798937 500000000
67300263 500000000
67803519 500000000
68306017 500000000
68809684 500000000
69311018 500000000
69814066 999999999
70820285 500000000
71321981 222000000
71549870 142000000
71694553 105000000
71803530 90000000
71893972 83000000
71977306 80000000
72062748 83000000
72150700 83000000
72236215 86000000
72323694 111000000
72435476 125000000
72565914 153000000
72724491 500000000
73230189 999999999
74234357 999999999
75240520 999999999
76246894 500000000
76748818 166000000
76915899 125000000
77044201 95000000
77139768 83000000
77226725 76000000
77306538 74000000
77381975 76000000
77463326 76000000
77544768 80000000
77625616 86000000
77717031 111000000
77833553 133000000
77967389 333000000
78304840 999999999
79311243 999999999
80313838 999999999
81318006 999999999
82319444 222000000
82547476 153000000
82706676 90000000
82797308 80000000
82878331 68000000
82948390 62000000
83011991 57000000
83071172 54000000
83126694 52000000
83183740 52000000
83240183 54000000
83294631 62000000
83361885 71000000
83438196 80000000
83519593 95000000
83619493 200000000
83823202 500000000
84329482 500000000
84831045 500000000
85337117 500000000
85843036 500000000
86348912 500000000
86855084 500000000
87356178 500000000
87858372 999999999
88861470 999999999
89863296 222000000
90090871 153000000
90249610 90000000
90345077 80000000
90429586 68000000
90498069 58000000
90557289 57000000
90615134 54000000
90669709 52000000
90727032 52000000
90779474 57000000
90838834 62000000
90906103 66000000
90972774 74000000
91047785 86000000
91135694 166000000
91302663 333000000
91639131 999999999
92645079 999999999
93648753 999999999
94654937 999999999
95661335 333000000
95998925 153000000
96157680 100000000
96263150 86000000
96349602 74000000
96424468 62000000
96490933 60000000
96553496 57000000
96615846 55000000
96676193 55000000
96732162 60000000
96796151 66000000
96867479 71000000
96943803 80000000
97025252 95000000
97121127 200000000
97326804 500000000
97833044 500000000
98334601 500000000
98835274 500000000
99341157 500000000
99842135 500000000
100348579 500000000
100852565 500000000
101358428 999999999
102361804 999999999
103364579 181000000
103551194 133000000
103689269 83000000
103774673 74000000
103850007 64000000
103914830 58000000
103973298 54000000
104027993 54000000
104087502 52000000
104140131 52000000
104197490 54000000
104256907 62000000
104319821 71000000
104391075 80000000
104472207 95000000
104572651 200000000
104778025 500000000
105283964 500000000
105789804 500000000
106295969 500000000
106797952 500000000
107301828 500000000
107808241 500000000
108310803 500000000
108817110 999999999
109823690 999999999
110825835 222000000
111050013 153000000
111208782 90000000
111304190 80000000
111388614 68000000
111457212 58000000
111515593 57000000
111575125 54000000
111630354 52000000
111684686 52000000
111741160 57000000
111799627 62000000
111862028 66000000
111933317 74000000
112008547 86000000
112097830 166000000
112269289 333000000
112608078 999999999
113615008 999999999
114620725 999999999
115626928 999999999
116633818 333000000
116972827 153000000
117127388 100000000
117228073 86000000
117315447 74000000
117389965 62000000
117452794 60000000
117518100 57000000
117580410 55000000
117637729 55000000
117693310 60000000
117755500 66000000
117826946 71000000
117903291 80000000
117985677 95000000
118086135 200000000
118289004 500000000
118795044 500000000
119296358 500000000
119800217 500000000
120302234 500000000
120806906 500000000
121309006 500000000
121812814 500000000
122318567 999999999
123324929 999999999
124331662 181000000
124518270 133000000
124657262 83000000
124740989 74000000
124818009 64000000
124882344 58000000
124942472 54000000
125001074 54000000
125056218 52000000
125113546 52000000
125167272 54000000
125225890 62000000
125292262 71000000
125375802 80000000
125459157 95000000
125557851 200000000
125759122 500000000
126261675 500000000
126763728 500000000
127266838 500000000
127767919 500000000
128273806 500000000
128779982 500000000
129282168 500000000
129783825 999999999
130791432 999999999
131792855 222000000
132020412 153000000
132174554 90000000
132267225 80000000
132352636 68000000
132425466 58000000
132488784 57000000
132548388 54000000
132607720 52000000
132661143 52000000
132717012 57000000
132776371 62000000
132839202 66000000
132907381 74000000
132982748 86000000
133071691 166000000
133243148 333000000
133581915 999999999
134586675 999999999
135589674 999999999
136596224 999999999
137603257 333000000
137938078 153000000
138095080 100000000
138197409 86000000
138284697 74000000
138359931 62000000
138423058 60000000
138488595 57000000
138550918 55000000
138611291 55000000
138667908 60000000
138733194 66000000
138801022 71000000
138877339 80000000
138962643 95000000
139058192 200000000
139258602 500000000
139764597 500000000
140266500 500000000
140772185 500000000
141277344 500000000
141783147 500000000
142284850 500000000
142785893 500000000
143291769 999999999
144297260 999999999
145301569 181000000
145488161 133000000
145593595 83000000
145681937 74000000
145761356 64000000
145829708 58000000
145889381 54000000
145943685 54000000
145998261 52000000
146055613 52000000
146109585 54000000
146163892 57000000
146224146 71000000
146297224 86000000
146384727 105000000
146491324 250000000
146743121 999999999
147745579 999999999
148748092 999999999
149754458 999999999
150760987 333000000
151099897 153000000
151258680 100000000
151364140 86000000
151450792 74000000
151525929 62000000
151593290 60000000
151654036 57000000
151716390 55000000
151776835 55000000
151835322 60000000
151900639 66000000
151971992 71000000
152048364 80000000
152129411 125000000
152255276 200000000
152456779 400000000
152858093 400000000
153261049 400000000
153661909 400000000
154067858 400000000
154473642 400000000
154879033 400000000
155280639 400000000
155685503 400000000
156091567 400000000
156494104 400000000
156900090 400000000
157305902 400000000
157711187 400000000
158114448 400000000
158515979 400000000
158920583 400000000
159322226 400000000
159723452 999999999
160725310 999999999
161731759 333000000
162067275 153000000
162222071 100000000
162325719 86000000
162413647 74000000
162488142 62000000
162551989 60000000
162617227 57000000
162679534 55000000
162735794 55000000
162791203 60000000
162856189 66000000
162922871 71000000
162994598 80000000
163075028 125000000
163205375 200000000
163408455 400000000
163814582 400000000
164220524 400000000
164626540 400000000
165028912 400000000
165430193 400000000
165836182 400000000
166237665 400000000
166643478 400000000
167046511 400000000
167449779 400000000
167853529 400000000
168259266 400000000
168662860 400000000
169063870 400000000
169467022 400000000
169867881 400000000
170272118 400000000
170674791 999999999
171677132 999999999
172681663 333000000
173020711 153000000
173177957 100000000
173283447 86000000
173369818 74000000
173444923 62000000
173512242 60000000
173572287 57000000
173630585 55000000
173687872 55000000
173744714 60000000
173805997 66000000
173872975 71000000
173945172 80000000
174030515 95000000
174130973 200000000
174335839 500000000
174837458 500000000
175343776 500000000
175849227 500000000
176352703 500000000
176855876 500000000
177361897 500000000
177867862 500000000
178370089 999999999
179373047 999999999
180374244 181000000
180560941 133000000
180699680 83000000
180785630 74000000
180860510 64000000
180926091 55000000
180982539 54000000
181037585 51000000
181093885 50000000
181149229 50000000
181204511 51000000
181256642 58000000
181315189 66000000
181385432 74000000
181462166 86000000
181549446 166000000
181719929 333000000
182059386 999999999
183065575 999999999
184072789 999999999
185075261 999999999
186081795 333000000
186420831 153000000
186574937 100000000
186679168 86000000
186770600 74000000
186845858 66000000
186912538 60000000
186973285 60000000
187034135 58000000
187095090 58000000
187158400 60000000
187219626 71000000
187295900 83000000
187384219 95000000
187484586 117000000
187603135 333000000
187939267 999999999
188945080 999999999
189951574 999999999
190954349 999999999
191960493 333000000
192299214 153000000
192456891 125000000
192587938 86000000
192675333 80000000
192760771 71000000
192832795 64000000
192897982 64000000
192966898 62000000
193029435 62000000
193096736 64000000
193161828 76000000
193240390 90000000
193331705 105000000
193437152 200000000
193642464 500000000
194146126 500000000
194651970 500000000
195153694 500000000
195658062 500000000
196159528 500000000
196665898 500000000
197172608 500000000
197673605 500000000
198174611 999999999
199178117 999999999
200184395 166000000
200353457 95000000
200452020 80000000
200537493 66000000
200604864 58000000
200663584 51000000
200714886 50000000
200766006 47000000
200817578 46000000
200866240 46000000
200917783 47000000
200965154 54000000
201022236 60000000
201084640 66000000
201155932 76000000
201232673 95000000
201328971 222000000
201556314 666000000
202228467 666000000
202896651 666000000
203568487 666000000
204240724 666000000
204910651 999999999
205915539 999999999
206917343 125000000
207043078 95000000
207139303 74000000
207214584 55000000
207274899 51000000
207330611 46000000
207379372 43000000
207425783 41000000
207467681 40000000
207509149 40000000
207551545 43000000
207596006 46000000
207647276 48000000
207700156 52000000
