0 333333333
334681 117000000
455360 74000000
535176 55000000
592741 45000000
638626 33000000
672019 29000000
701358 26000000
727646 24000000
753499 23000000
777545 22000000
800325 21000000
822103 21000000
844536 20000000
865464 20000000
885828 21000000
908693 21000000
930435 22000000
952802 23000000
976259 24000000
1001127 25000000
1027763 27000000
1055019 30000000
1085412 33000000
1119081 39000000
1160168 47000000
1208623 62000000
1270947 166000000
1437169 999999999
2441181 999999999
3442859 999999999
4443946 111000000
4560225 83000000
4644875 68000000
4713324 51000000
4767460 45000000
4817734 41000000
4859025 39000000
4899691 37000000
4939598 37000000
4976992 37000000
5015425 37000000
5053820 37000000
5091707 37000000
5130183 39000000
5170678 41000000
5215327 45000000
5261171 51000000
5313829 60000000
5374286 95000000
5474524 133000000
5609779 250000000
5865357 999999999
6871725 999999999
7875757 166000000
8042755 117000000
8161718 74000000
8238578 62000000
8301633 55000000
8357467 51000000
8409352 48000000
8459353 44000000
8504001 42000000
8548028 41000000
8592130 41000000
8633724 42000000
8676721 44000000
8726003 47000000
8774072 55000000
8830066 60000000
8893705 68000000
8982028 83000000
9065690 111000000
9177707 333000000
9512680 999999999
10518665 999999999
11524846 153000000
11641196 80000000
11722618 64000000
11787434 55000000
11843445 50000000
11893792 41000000
11935793 38000000
11975940 36000000
12014994 35000000
12050915 34000000
12085310 34000000
12121966 35000000
12158438 36000000
12195238 38000000
12234112 43000000
12279767 46000000
12326038 51000000
12382293 58000000
12440537 71000000
12516800 95000000
12612681 285000000
12900349 999999999
13906748 999999999
14912966 222000000
15140653 105000000
15246080 83000000
15330922 71000000
15407345 55000000
15466927 50000000
15517185 46000000
15566603 44000000
15612314 43000000
15656085 41000000
15697764 40000000
15738069 40000000
15778551 41000000
15822595 43000000
15866563 46000000
15915596 51000000
15967909 64000000
16035628 74000000
16110489 90000000
16205764 125000000
16334838 500000000
16840460 500000000
17345257 500000000
17846167 999999999
18513523 181000000
18695203 133000000
18829696 86000000
18920443 74000000
18995511 66000000
19061933 62000000
19125589 55000000
19184549 52000000
19237628 51000000
19291967 51000000
19348245 52000000
19400617 55000000
19457189 62000000
19520117 66000000
19591376 74000000
19669004 86000000
19759370 133000000
19896343 181000000
20078231 666000000
20749281 999999999
21755628 222000000
21980837 105000000
22086315 83000000
22174621 71000000
22247023 55000000
22302831 50000000
22356559 46000000
22404843 44000000
22449218 43000000
22494698 43000000
22538058 43000000
22581797 43000000
22626923 44000000
22671167 46000000
22718748 50000000
22771805 55000000
22831716 64000000
22900908 95000000
23001242 125000000
23128447 200000000
23330084 666000000
24001876 666000000
24674152 999999999
25676697 95000000
25777143 71000000
25853504 58000000
25916800 51000000
25971594 46000000
26017922 39000000
26057327 36000000
26095247 34000000
26129588 33000000
26165064 32000000
26197360 32000000
26229607 33000000
26265051 34000000
26299661 37000000
26337124 38000000
26376635 40000000
26418049 44000000
26462943 50000000
26514074 58000000
26575140 74000000
26650205 153000000
26808477 333000000
27142855 333000000
27481432 333000000
27818279 333000000
28156591 333000000
28491871 999999999
29493551 222000000
29718701 153000000
29877437 95000000
29977798 80000000
30059556 60000000
30120298 54000000
30176160 50000000
30226856 47000000
30277130 46000000
30326851 46000000
30374048 46000000
30425277 46000000
30471812 47000000
30519427 50000000
30569927 54000000
30626891 60000000
30687227 80000000
30772450 95000000
30868008 125000000
30993524 333000000
31327783 999999999
32333855 999999999
33339805 111000000
33456256 83000000
33540728 55000000
33600253 47000000
33647482 42000000
33693085 39000000
33734000 37000000
33773600 35000000
33809154 33000000
33842417 32000000
33874637 31000000
33906813 31000000
33938042 32000000
33970285 33000000
34003536 35000000
34038739 37000000
34076123 41000000
34120044 52000000
34176175 60000000
34241440 74000000
34317991 100000000
34423272 166000000
34592516 666000000
35264363 666000000
35936490 666000000
36606438 999999999
37609150 74000000
37688477 57000000
37750657 47000000
37798218 41000000
37840763 37000000
37878634 31000000
37914850 29000000
37945129 27000000
37972977 26000000
38001629 25000000
38028287 25000000
38055443 25000000
38081728 25000000
38106942 26000000
38134636 27000000
38161915 29000000
38191492 33000000
38225294 35000000
38261164 39000000
38303032 44000000
38349223 52000000
38401898 66000000
38469203 95000000
38569640 666000000
39241376 666000000
39910177 666000000
40582152 999999999
41584411 153000000
41742891 80000000
41826790 64000000
41896093 55000000
41953175 43000000
41997160 39000000
42036959 36000000
42074226 34000000
42109248 33000000
42144573 32000000
42180283 32000000
42213619 33000000
42246882 34000000
42283540 37000000
42322221 38000000
42363128 40000000
42406888 44000000
42452053 50000000
42507337 58000000
42567928 74000000
42642607 125000000
42767945 222000000
42990890 999999999
43992010 999999999
44994861 333000000
45333680 142000000
45481698 83000000
45570041 68000000
45640096 60000000
45702548 48000000
45750979 44000000
45798489 41000000
45840579 40000000
45881731 39000000
45923717 39000000
45962974 40000000
46003985 41000000
46047826 45000000
46094385 47000000
46142844 51000000
46196811 57000000
46255211 66000000
46322194 83000000
46406464 166000000
46576231 333000000
46914839 333000000
47250041 333000000
47585451 333000000
47924690 999999999
48927173 222000000
49150094 105000000
49259780 83000000
49348119 71000000
49421837 64000000
49486223 54000000
49540482 50000000
49595749 47000000
49645079 46000000
49691717 46000000
49740326 47000000
49789118 50000000
49840523 51000000
49892375 54000000
49951561 58000000
50009837 66000000
50076571 80000000
50157276 133000000
50291247 200000000
50492657 999999999
51498580 999999999
52504841 153000000
52663907 80000000
52749216 64000000
52817898 55000000
52876068 50000000
52929542 41000000
52973003 38000000
53012174 36000000
53048400 35000000
53085817 34000000
53121119 34000000
53155347 35000000
53194782 36000000
53231192 39000000
53271543 40000000
53312342 43000000
53359630 47000000
53408998 54000000
53463311 64000000
53528409 105000000
53634516 153000000
53788448 333000000
54123864 333000000
54462724 333000000
54797256 333000000
55131018 333000000
55465130 999999999
56467208 222000000
56689677 105000000
56796132 83000000
56881871 71000000
56958169 64000000
57026665 54000000
57085730 50000000
57136373 47000000
57188640 46000000
57234882 46000000
57281301 46000000
57327501 46000000
57374739 47000000
57426641 50000000
57480328 54000000
57534639 60000000
57594974 80000000
57676017 95000000
57771487 125000000
57899811 200000000
58101385 666000000
58773354 666000000
59441146 999999999
60442521 95000000
60542884 71000000
60619226 58000000
60681319 51000000
60733956 40000000
60774213 37000000
60813708 34000000
60848474 32000000
60880710 31000000
60913302 31000000
60945157 31000000
60976682 31000000
61010184 32000000
61043857 35000000
61080307 36000000
61119373 38000000
61157594 41000000
61202334 46000000
61248579 54000000
61306267 66000000
61373130 125000000
61498388 222000000
61721861 999999999
62727774 999999999
63732553 333000000
64071448 142000000
64213931 83000000
64302199 68000000
64370864 60000000
64435120 55000000
64492258 47000000
64539487 44000000
64587121 42000000
64629671 41000000
64672616 41000000
64716762 42000000
64760214 44000000
64805288 48000000
64858380 51000000
64910079 55000000
64968711 62000000
65031282 74000000
65106192 117000000
65228408 166000000
65397971 333000000
65731598 333000000
66069414 333000000
66404389 333000000
66739144 999999999
67740554 222000000
67963789 105000000
68074118 83000000
68159780 71000000
68232126 64000000
68293593 54000000
68348924 50000000
68401409 47000000
68451043 46000000
68498348 46000000
68544933 47000000
68592383 50000000
68643784 51000000
