0 333333333
334510 215000000
554974 212000000
772646 223000000
998333 243000000
1244310 259000000
1505372 298000000
1832270 341000000
2173795 395000000
2569928 486000000
3057163 585000000
3647899 797000000
4445463 221000000
4667690 206000000
4874696 208000000
5083178 222000000
5305513 235000000
5543064 266000000
5812344 300000000
6117376 341000000
6458952 396000000
6857688 470000000
7329002 603000000
7938135 801000000
8742259 221000000
8969027 199000000
9170079 206000000
9381629 216000000
9600293 241000000
9845034 268000000
10114039 300000000
10419748 342000000
10767424 396000000
11164670 470000000
11637166 603000000
12245915 765000000
13011884 221000000
13238622 199000000
13443198 203000000
13647867 221000000
13871236 242000000
14113957 268000000
14383086 289000000
14674747 338000000
15013582 394000000
15411387 485000000
15896993 585000000
16483005 797000000
17281025 221000000
17503756 206000000
17711686 208000000
17925671 222000000
18148521 235000000
18384983 266000000
18652660 300000000
18954975 341000000
19297980 396000000
19696145 470000000
20168064 603000000
20773564 801000000
21576397 221000000
21803644 199000000
22008466 206000000
22214972 216000000
22433674 241000000
22678864 268000000
22948517 300000000
23254614 342000000
23597249 396000000
23997800 470000000
24539178 603000000
25142972 765000000
25913607 221000000
26140350 199000000
26341884 206000000
26548391 216000000
26766525 241000000
27011258 268000000
27281986 300000000
27582823 342000000
27925430 396000000
28323824 470000000
28795706 580000000
29501740 765000000
30272124 221000000
30496079 199000000
30697132 206000000
30904593 216000000
31122695 241000000
31364653 268000000
31633714 300000000
31935114 342000000
32278254 396000000
32680113 470000000
33152358 580000000
33734627 795000000
34535427 221000000
34759585 199000000
34962210 203000000
35166713 221000000
35390727 242000000
35638310 259000000
35898738 297000000
36201606 341000000
36548485 395000000
36945177 486000000
37437112 585000000
38023490 797000000
38823146 221000000
39049042 206000000
39262880 208000000
39471648 222000000
39699190 235000000
39940090 266000000
40212060 300000000
40512991 341000000
40854961 396000000
41254875 470000000
41730947 603000000
42336208 801000000
43138523 221000000
43360874 199000000
43561340 206000000
43772931 216000000
43989787 241000000
44232062 268000000
44502876 300000000
44804056 342000000
45149302 396000000
45550979 470000000
46022446 603000000
46627158 765000000
47394550 221000000
47616997 199000000
47817002 203000000
48025755 221000000
48249547 242000000
48494762 259000000
48756212 297000000
49059224 341000000
49406188 395000000
49803502 486000000
50292261 585000000
50880697 797000000
51680020 221000000
51901832 206000000
52113573 208000000
52322486 222000000
52547880 235000000
52808786 266000000
53077668 300000000
53381748 341000000
53725894 396000000
54125223 470000000
54670250 603000000
55276801 801000000
56080051 221000000
56306809 206000000
56518601 208000000
56732427 222000000
56954924 235000000
57193649 266000000
57463269 300000000
57765285 341000000
58143935 396000000
58542981 486000000
59030002 585000000
59621138 797000000
60423441 221000000
60647401 206000000
60859316 208000000
61068728 222000000
61296247 235000000
61536148 266000000
61808116 300000000
62111922 341000000
62458670 396000000
62858531 470000000
63331885 603000000
63935926 801000000
64738656 221000000
64960909 199000000
65163394 206000000
65370771 216000000
65588418 241000000
65831992 268000000
66100751 300000000
66401350 342000000
66745187 396000000
67143993 470000000
67616077 603000000
68220752 765000000
68987736 221000000
69209813 199000000
69414432 203000000
69619394 221000000
69841060 242000000
70088577 259000000
70351345 297000000
70651568 341000000
70998296 395000000
71394291 486000000
71881220 585000000
72574418 797000000
73373069 221000000
73595582 199000000
73800047 203000000
74008883 221000000
74230550 242000000
74474432 259000000
74737197 297000000
75035727 341000000
75381203 395000000
75825964 486000000
76317745 585000000
76908797 797000000
77711878 221000000
77933534 206000000
78142849 208000000
78352248 222000000
78575530 242000000
78817972 259000000
79078829 297000000
79381138 341000000
79728126 395000000
80129112 470000000
80621582 585000000
81207800 797000000
82007158 221000000
82228993 206000000
82441392 208000000
82650721 222000000
82873383 235000000
83111446 266000000
83381006 300000000
83687083 341000000
84031194 396000000
84432279 470000000
84903824 603000000
85508899 801000000
86313965 221000000
86538221 199000000
86739377 206000000
86948546 216000000
87167714 241000000
87414614 268000000
87683445 300000000
87988902 342000000
88331567 396000000
88730497 470000000
89202185 580000000
89783219 795000000
90581884 221000000
90808298 199000000
91008099 203000000
91214208 221000000
91436004 242000000
91681982 259000000
91944192 297000000
92247465 341000000
92594401 395000000
92990518 486000000
93477671 585000000
94065041 797000000
94865003 221000000
95091773 206000000
95303543 208000000
95512374 222000000
95739918 235000000
95978262 266000000
96246168 300000000
96548305 341000000
96930930 396000000
97333110 470000000
97809195 603000000
98515392 801000000
99322215 221000000
99546002 199000000
99748374 203000000
99957297 221000000
100193704 242000000
100441312 259000000
100730417 297000000
101029982 341000000
101373207 395000000
101816688 486000000
102303494 585000000
102889799 797000000
103688944 221000000
103915691 206000000
104124215 203000000
104332887 221000000
104556088 242000000
104801080 259000000
105064910 297000000
105365754 341000000
105708804 395000000
106108352 470000000
106598229 585000000
107184652 797000000
107983668 221000000
108206039 199000000
108410743 206000000
108618091 222000000
108842702 235000000
109080582 266000000
109352406 300000000
109658182 341000000
110004990 396000000
110406935 470000000
110879349 603000000
111487405 765000000
112255394 221000000
112482335 199000000
112683400 206000000
112893853 216000000
113115826 241000000
113357589 268000000
113627832 300000000
113930140 327000000
114259216 404000000
114663982 473000000
115139062 581000000
115722073 796000000
116519454 221000000
116742033 206000000
116949382 208000000
117161079 222000000
117384591 242000000
117630610 259000000
117892062 297000000
118191991 341000000
118534445 395000000
118932583 470000000
119408979 603000000
120018207 801000000
120822638 221000000
121044948 206000000
121255058 208000000
121464144 222000000
121687910 235000000
121929206 266000000
122223862 300000000
122525673 341000000
122872642 396000000
123271913 470000000
123747969 603000000
124357051 801000000
125162117 221000000
125389206 199000000
125590959 206000000
125799411 216000000
126016906 241000000
126260620 268000000
126535290 300000000
126841034 342000000
127188744 396000000
127588170 470000000
128059081 603000000
128668044 765000000
129435005 221000000
129658593 199000000
129863160 203000000
130072043 221000000
130295060 242000000
130539594 268000000
130810351 289000000
131100354 338000000
131440264 394000000
131836744 485000000
132327549 585000000
132918642 797000000
133717891 221000000
133944741 206000000
134157125 208000000
134366362 222000000
134589549 235000000
134827594 259000000
135088056 297000000
135386746 341000000
135729284 395000000
136127983 470000000
136599925 603000000
137208986 801000000
138016125 221000000
138238647 199000000
138443471 206000000
138655109 216000000
138872711 241000000
139116245 268000000
139385633 300000000
139686685 342000000
140029592 396000000
140429852 470000000
140900892 603000000
141505957 765000000
142273294 221000000
142497980 199000000
142702514 203000000
142911251 221000000
143133412 242000000
143376287 268000000
143647396 289000000
143970443 338000000
144310253 406000000
144717159 474000000
145194883 581000000
145782281 796000000
146582936 221000000
146805367 199000000
147010171 203000000
147214726 221000000
147438451 242000000
147682133 259000000
147946998 297000000
148245619 341000000
148592433 395000000
148988540 486000000
149476027 585000000
150067762 797000000
150865972 221000000
151089184 206000000
151300954 208000000
151512946 222000000
151739228 235000000
151980262 266000000
152247149 300000000
152548459 341000000
152890718 396000000
153289243 470000000
153829078 603000000
154438392 801000000
155243678 221000000
155465567 199000000
155665228 206000000
155872648 216000000
156091131 232000000
156326048 258000000
156585881 289000000
156875496 327000000
157208306 376000000
157589965 443000000
158037184 538000000
158579019 755000000
159339110 292000000
159631574 221000000
159853250 206000000
160059880 203000000
160263601 221000000
160490033 235000000
160730677 259000000
160995436 297000000
161298160 341000000
161641739 395000000
162041537 470000000
162512625 686000000
163200508 292000000
163498525 198000000
163700600 194000000
163916543 201000000
164123258 215000000
164339557 240000000
164580343 258000000
164840496 289000000
165130858 338000000
165470554 394000000
165870535 470000000
166346630 686000000
167038911 292000000
167337186 198000000
167536488 194000000
167732817 201000000
167939634 215000000
168160606 240000000
168402302 268000000
168671932 289000000
168966534 327000000
169299359 391000000
169691179 537000000
170230492 603000000
170839718 289000000
171134721 197000000
171336301 193000000
171531158 204000000
171740907 215000000
171961785 235000000
172199065 266000000
172466333 300000000
172766817 326000000
173094665 430000000
173530461 482000000
174013266 584000000
174704652 289000000
174996971 197000000
175196150 195000000
175397074 201000000
175599766 220000000
175825454 234000000
176063517 259000000
176328539 297000000
176629294 341000000
177006530 395000000
177407453 470000000
177882155 686000000
178574296 292000000
178872536 198000000
179075352 194000000
179274991 201000000
179482270 215000000
179714187 240000000
179956239 258000000
180215363 289000000
180508889 338000000
180847906 394000000
181245990 538000000
181790102 603000000
182395553 289000000
182686891 197000000
182885372 193000000
183081751 201000000
183288742 215000000
183509552 240000000
183750595 268000000
184020225 289000000
184315074 327000000
184646378 391000000
185038912 537000000
185578214 603000000
186185583 289000000
186478443 197000000
186681280 193000000
186877934 204000000
187083193 215000000
187303999 235000000
187540323 266000000
187808180 300000000
188114571 326000000
188441775 376000000
188822188 443000000
189268239 538000000
189812625 755000000
190570200 221000000
190797079 195000000
190994973 201000000
191196939 204000000
191405673 221000000
191628160 255000000
191883800 287000000
192172828 300000000
192474683 341000000
192817233 463000000
193281245 577000000
193884822 764000000
194650437 221000000
194877202 195000000
195071400 201000000
195273714 204000000
195481412 221000000
195704440 255000000
195960182 287000000
196252825 300000000
196558832 341000000
196902449 443000000
197349771 569000000
197920616 762000000
198687414 221000000
198914223 195000000
199118295 201000000
199320753 204000000
199531298 221000000
199768997 255000000
200026010 287000000
200314423 300000000
200617422 341000000
200960239 463000000
201425238 577000000
202033771 764000000
202799024 221000000
203025943 195000000
203223227 201000000
203425234 204000000
203643216 221000000
203864762 255000000
204120626 287000000
204410685 326000000
204737990 376000000
205115061 443000000
205562238 538000000
206101736 755000000
206857694 221000000
207084555 195000000
207280587 201000000
207482183 204000000
207692506 221000000
207914414 255000000
208170890 287000000
208458610 300000000
208800843 376000000
209178591 443000000
209624198 538000000
210164640 755000000
210455582 221000000
210680929 195000000
210880071 193000000
211078564 204000000
211285016 231000000
211518624 240000000
211759251 268000000
212030050 319000000
212354486 374000000
212731093 442000000
213176344 580000000
213757764 755000000
214516098 221000000
214738412 199000000
214937887 195000000
215133446 205000000
215340553 216000000
215558682 240000000
215799463 283000000
216083153 325000000
216411432 375000000
216788952 442000000
217234283 580000000
217815224 755000000
218573206 221000000
218795503 199000000
218996897 195000000
219194904 205000000
219400434 216000000
219617254 240000000
219881431 283000000
220170642 325000000
220497762 375000000
220874039 442000000
221321534 580000000
221902631 755000000
222659580 221000000
222881955 199000000
223081392 195000000
223280421 205000000
223486614 232000000
223719900 240000000
223960782 268000000
224231124 320000000
224552361 374000000
224932124 442000000
225376146 580000000
225962250 755000000
226718894 221000000
226942543 199000000
227144750 195000000
227341500 205000000
227552052 232000000
227789807 240000000
228030543 268000000
228300092 320000000
228622343 374000000
228997861 442000000
229442599 580000000
230025416 755000000
230782203 221000000
231006967 199000000
231211662 195000000
231409354 205000000
231626464 232000000
231859154 240000000
232100012 268000000
232371132 320000000
232694953 374000000
233070387 442000000
233515622 580000000
234101370 755000000
234859460 221000000
235084695 199000000
235287260 195000000
235488175 205000000
235694775 232000000
235932397 240000000
236178309 268000000
236447105 320000000
236773707 374000000
237153623 442000000
237598465 580000000
238182023 755000000
238940378 221000000
239162978 199000000
239363663 195000000
239564391 205000000
239772246 232000000
240005878 240000000
240248385 268000000
240518072 320000000
240843936 374000000
241222433 442000000
241668919 580000000
242249702 755000000
243006931 221000000
243229064 199000000
243430773 195000000
243629457 205000000
243835750 232000000
244068271 240000000
244311386 268000000
244580670 320000000
244906458 374000000
245281863 442000000
245724986 580000000
