0 333333333
334309 183000000
522897 201000000
729641 219000000
949448 243000000
1195746 277000000
1478749 313000000
1793227 364000000
2159783 437000000
2599032 547000000
3147442 729000000
3882478 999999999
4883642 170000000
5054297 182000000
5241781 201000000
5443555 219000000
5664628 243000000
5913165 277000000
6196107 313000000
6511200 364000000
6881212 437000000
7319601 547000000
7868224 729000000
8602998 999999999
9605459 170000000
9778533 182000000
9966162 201000000
10172963 219000000
10423971 243000000
10671899 274000000
10951555 318000000
11273731 365000000
11643022 437000000
12085766 546000000
12843882 729000000
13579200 999999999
13740036 155000000
13900318 182000000
14088015 201000000
14292756 221000000
14518149 243000000
14762848 274000000
15038287 313000000
15355663 364000000
15723765 437000000
16166635 546000000
16713624 729000000
17448808 999999999
18454318 170000000
18630217 182000000
18814941 199000000
19019840 221000000
19246700 243000000
19495512 274000000
19771273 313000000
20084916 364000000
20450626 437000000
20893368 546000000
21443201 729000000
22177796 999999999
23178572 170000000
23354070 184000000
23540335 199000000
23740842 221000000
23966571 243000000
24210865 274000000
24487724 313000000
24801469 364000000
25170966 437000000
25608719 546000000
26158794 729000000
26892819 999999999
27893849 170000000
28065091 184000000
28254679 199000000
28458955 221000000
28684746 243000000
28934618 274000000
29209932 313000000
29526159 364000000
29892230 437000000
30331484 546000000
30879206 729000000
31609610 999999999
31768358 170000000
31941873 182000000
32125680 201000000
32327645 219000000
32550776 246000000
32798917 274000000
33079270 313000000
33398108 364000000
33764790 437000000
34207811 547000000
34756192 729000000
35489652 999999999
36495164 170000000
36666585 182000000
36854110 201000000
37061157 219000000
37281232 243000000
37529776 277000000
37812366 313000000
38131320 364000000
38501279 437000000
38944420 546000000
39492798 729000000
40223675 999999999
41228325 170000000
41403864 182000000
41589441 201000000
41792000 219000000
42012520 243000000
42257014 277000000
42535769 318000000
42859276 365000000
43230754 438000000
43670622 546000000
44219382 729000000
44950644 999999999
45952620 170000000
46123348 182000000
46306987 201000000
46510502 219000000
46735320 243000000
46980610 274000000
47260422 318000000
47580107 365000000
47949491 437000000
48390504 546000000
48939621 729000000
49674499 999999999
50680469 170000000
50856521 182000000
51039266 199000000
51241031 221000000
51468129 243000000
51716879 274000000
51991432 313000000
52308927 364000000
52678707 437000000
53121476 546000000
53673714 729000000
54407226 999999999
55410301 170000000
55586230 184000000
55773297 199000000
55976743 221000000
56203594 243000000
56452689 274000000
56727883 313000000
57044664 364000000
57414566 437000000
57853839 546000000
58402861 729000000
59138026 999999999
60140505 170000000
60315952 184000000
60502065 199000000
60702185 221000000
60924714 243000000
61168846 274000000
61448318 313000000
61762595 364000000
62131008 437000000
62573760 546000000
63125944 729000000
63856390 999999999
64862759 170000000
65034545 184000000
65221864 199000000
65422205 219000000
65644685 246000000
65893136 274000000
66172974 313000000
66550162 364000000
66915300 437000000
67353671 547000000
67902347 726000000
68630928 999999999
69636944 170000000
69808827 182000000
69992723 201000000
70195853 219000000
70416410 246000000
70667967 274000000
70944401 313000000
71259107 364000000
71629310 437000000
72067888 547000000
72618703 729000000
73352493 999999999
74354142 170000000
74526904 182000000
74714512 201000000
74919573 219000000
75139369 243000000
75385028 277000000
75664185 313000000
75983021 364000000
76351608 437000000
76794733 547000000
77342673 729000000
78077390 999999999
79079960 170000000
79254597 182000000
79441240 201000000
79648096 219000000
79869715 243000000
80118276 277000000
80398073 313000000
80716872 364000000
81168658 438000000
81610300 546000000
82158537 729000000
82893037 999999999
83894447 170000000
84068428 184000000
84257557 199000000
84458297 221000000
84685270 243000000
84934287 274000000
85210438 313000000
85527869 364000000
85893940 437000000
