0 333333333
337439 215000000
553922 212000000
771768 223000000
997803 243000000
1246249 259000000
1510222 298000000
1809840 341000000
2151581 395000000
2547937 486000000
3034998 585000000
3620746 797000000
4419944 221000000
4641457 206000000
4848248 208000000
5057596 222000000
5280922 235000000
5517352 266000000
5784277 300000000
6085039 341000000
6426944 396000000
6825011 470000000
7300714 603000000
7906416 801000000
8707998 221000000
8930329 199000000
9131869 206000000
9340520 216000000
9557332 241000000
9803906 268000000
10072834 300000000
10373961 342000000
10718379 396000000
11116490 470000000
11588357 603000000
12192988 765000000
12963908 221000000
13185571 199000000
13385847 203000000
13592104 221000000
13813583 242000000
14058851 259000000
14323683 297000000
14621794 341000000
14964546 395000000
15407561 486000000
15894123 585000000
16481514 797000000
17279120 221000000
17488852 206000000
17697931 208000000
17906401 222000000
18129342 235000000
18367560 266000000
18634402 300000000
18935133 341000000
19277081 396000000
19678775 470000000
20150785 603000000
20755901 801000000
21557671 221000000
21784506 199000000
21985147 206000000
22194654 216000000
22416441 241000000
22677142 268000000
22946535 300000000
23247031 342000000
23589775 396000000
23988987 470000000
24460477 603000000
25065484 765000000
25834806 221000000
26057929 199000000
26259539 203000000
26463144 221000000
26689660 242000000
26932805 268000000
27203746 289000000
27493636 338000000
27871682 406000000
28278737 474000000
28758378 581000000
29345391 796000000
30142061 221000000
30363815 199000000
30564130 203000000
30768135 221000000
30989444 235000000
31226674 242000000
31472081 283000000
31758697 325000000
32085137 375000000
32461331 442000000
32904662 580000000
33486811 702000000
34189950 221000000
34416812 197000000
34619553 201000000
34823423 215000000
35042434 221000000
35265104 255000000
35521013 287000000
35813515 326000000
36143443 376000000
36525099 443000000
36969653 580000000
37555275 702000000
38263285 221000000
38485620 197000000
38683382 201000000
38889563 215000000
39107975 221000000
39330290 255000000
39586872 287000000
39874357 326000000
40200995 376000000
40578379 443000000
41024292 580000000
41605144 702000000
42309736 221000000
42537271 197000000
42735191 201000000
42936709 215000000
43157152 221000000
43379515 255000000
43636963 287000000
43928888 326000000
44255937 376000000
44637475 443000000
45081656 580000000
45667436 702000000
46375558 221000000
46597584 197000000
46801022 201000000
47003233 215000000
47218627 221000000
47441358 255000000
47698453 287000000
47989490 326000000
48317539 376000000
48699088 443000000
49145279 538000000
49726086 702000000
50434446 221000000
50661155 197000000
50859720 201000000
51061297 215000000
51276747 221000000
51498939 255000000
51756496 287000000
52044125 326000000
52375608 376000000
52755229 443000000
53199504 538000000
53738727 755000000
54495360 221000000
54718706 198000000
54918558 201000000
55120550 215000000
55336556 221000000
55572726 255000000
55828630 287000000
56116242 326000000
56442865 376000000
56820450 443000000
57264173 538000000
57805609 755000000
58562272 221000000
58787664 198000000
58989912 201000000
59192979 215000000
59415430 221000000
59641729 255000000
59902218 287000000
60189636 326000000
60516237 376000000
60892856 443000000
61340065 538000000
61884428 755000000
62641990 221000000
62867770 198000000
63067627 201000000
63269282 215000000
63485425 221000000
63712030 255000000
63967635 287000000
64259776 326000000
64588316 376000000
64967958 443000000
65413458 538000000
65955081 755000000
66716992 221000000
66943262 198000000
67141366 201000000
67344972 215000000
67561926 221000000
67783508 255000000
68039066 287000000
68330119 326000000
68661596 376000000
69043148 443000000
69487124 580000000
70072962 702000000
70776574 221000000
70975816 197000000
71173417 201000000
71375376 215000000
71591560 221000000
71817769 255000000
72075747 287000000
72363220 326000000
72709306 376000000
73088316 443000000
73533115 538000000
74075684 755000000
74833065 221000000
75054577 198000000
75253743 201000000
75455216 215000000
75675751 221000000
75902345 255000000
76162804 287000000
76450709 326000000
76780332 376000000
