0 2048
326852 4096
448711 6144
523588 8192
581566 10240
616755 6144
627781 8192
662521 10240
691817 12288
718352 14336
743441 16384
767894 18432
790862 20480
813218 22528
834639 24576
855177 26624
876295 28672
897481 30720
919089 32768
928165 28672
941175 30720
967932 32768
992883 34816
1018418 36864
1046964 38912
1077342 40960
1111466 43008
1150857 45056
1198734 47104
1243990 43008
1261053 45056
1427822 47104
1559257 43008
1868425 38912
2180459 34816
2428596 36864
2493171 32768
2806189 28672
3119898 24576
3430016 26624
3432199 22528
3747649 18432
4063464 14336
4376428 10240
4431582 12288
4558751 14336
4654012 16384
4685008 12288
4729062 14336
4783410 16384
4831300 18432
4879618 20480
4920978 22528
4960571 24576
4999711 20480
4999988 22528
5037938 24576
5075872 26624
5115723 28672
5153943 30720
5193166 32768
5233550 34816
5280687 36864
5314576 32768
5331407 34816
5402675 36864
5487960 38912
5598316 40960
5623303 36864
5768049 38912
5938678 34816
6249368 30720
6268901 32768
6567357 28672
6770640 30720
6880316 26624
7190267 22528
7276823 24576
7505935 20480
7815065 16384
8131364 12288
8278354 14336
8432911 16384
8440213 12288
8545253 14336
8617525 16384
8681403 18432
8739917 20480
8753180 16384
8791271 18432
8839376 20480
8879998 22528
8919454 24576
8957751 26624
8996416 28672
9035811 30720
9070721 26624
9076510 28672
9123843 30720
9175149 32768
9230370 34816
9290722 36864
9358257 38912
9379698 34816
9443625 36864
9597627 38912
9694165 34816
9883641 36864
10005797 32768
10323453 28672
10633205 24576
10889948 26624
10944293 22528
11257632 18432
11575422 14336
11888147 10240
11891691 12288
12022508 14336
12117933 16384
12197553 12288
12197761 14336
12267058 16384
12322739 18432
12370408 20480
12413796 22528
12454130 24576
12493640 26624
12509530 22528
12532582 24576
12571993 26624
12610202 28672
12648485 30720
12689087 32768
12731367 34816
12775107 36864
12822438 38912
12823346 34816
12879670 36864
12964582 38912
13072518 40960
13139029 36864
13230932 38912
13453381 34816
13565658 36864
13766389 32768
13899780 34816
14079479 30720
14233519 32768
14392391 28672
14567476 30720
14705385 26624
14907252 28672
15016108 24576
15247106 26624
15331248 22528
15585912 24576
15644251 20480
15957135 16384
16266425 12288
16583371 8192
16588159 10240
16747247 12288
16845628 14336
16892801 10240
16917022 12288
16972514 14336
17019696 16384
17057921 18432
17095135 20480
17130334 22528
17161564 24576
17192971 26624
17204191 22528
17224216 24576
17255558 26624
17285837 28672
17316409 30720
17347867 32768
17382493 34816
17415641 36864
17451267 38912
17489596 40960
17517388 36864
17532942 38912
17599901 40960
17684455 43008
17795866 45056
17830766 40960
18001511 43008
18148056 38912
18457416 34816
18773654 30720
19007282 32768
19083323 28672
19399991 24576
19713883 20480
20012779 22528
20021301 18432
20334719 14336
20649501 10240
20961194 6144
21014633 8192
21134721 10240
21209336 12288
21267273 14336
21273190 10240
21316548 12288
21355283 14336
21388600 16384
21419446 18432
21447843 20480
21474829 22528
21503324 24576
21528646 26624
21552888 28672
21577169 30720
21590007 26624
21603145 28672
21631042 30720
21660060 32768
21687883 34816
21716114 36864
21748278 38912
21783577 40960
21821243 43008
21866265 45056
21901984 40960
21917668 43008
22018768 45056
22185395 47104
22212421 43008
22529526 38912
22839180 34816
22853820 36864
23156424 32768
23464676 28672
23525922 30720
23781560 26624
24095425 22528
24197592 24576
24408417 20480
24721370 16384
24865757 18432
25034400 14336
25347318 10240
25537575 12288
25658638 8192
25673157 10240
25747896 12288
25805785 14336
25855765 16384
25897851 18432
25935202 20480
25968198 16384
25969632 18432
26000832 20480
26030084 22528
26058312 24576
26085534 26624
26112792 28672
26141130 30720
26170469 32768
26201960 34816
26233155 36864
26264462 38912
26281328 34816
26299161 36864
26344506 38912
26399856 40960
26462663 43008
26540054 45056
26599244 40960
26650658 43008
26912415 38912
27223534 34816
27538398 30720
27656006 32768
27851359 28672
28164404 24576
28477361 20480
28658578 22528
28790415 18432
29099835 14336
29414602 10240
29659966 12288
29726223 8192
29846349 10240
29934204 12288
29996622 14336
30038879 10240
30048470 12288
30088976 14336
30125322 16384
30157398 18432
30189582 20480
30219153 22528
30245381 24576
30272269 26624
30297529 28672
30323636 30720
30350950 26624
30351014 28672
30379548 30720
30407801 32768
30436608 34816
30467295 36864
30499773 38912
30538733 40960
30578553 43008
30626608 45056
30666222 40960
30682521 43008
30800876 45056
30981998 40960
31023916 43008
31290768 38912
31605808 34816
31915783 30720
32030108 32768
32233388 28672
32546520 24576
32859418 20480
33033357 22528
33172384 18432
33485389 14336
33798300 10240
34039426 12288
34111242 8192
34223604 10240
34309872 12288
34372692 14336
34420826 10240
34424864 12288
34466615 14336
34502960 16384
34534916 18432
34565118 20480
34592471 22528
34619744 24576
34644982 26624
34670951 28672
34697764 30720
34724951 32768
34732242 28672
34751860 30720
34782466 32768
34813128 34816
34845566 36864
34879142 38912
34916449 40960
34959322 43008
35012548 45056
35045866 40960
35073919 43008
35221268 45056
35363350 40960
35560237 43008
35674622 38912
35895981 40960
35984747 36864
36235019 38912
36302242 34816
36573865 36864
36610199 32768
36913027 34816
36923994 30720
37239028 26624
37247781 28672
37554388 24576
37581725 26624
37867432 22528
37917874 24576
38180405 20480
38493392 16384
38806510 12288
38925120 14336
39114727 10240
39216026 12288
39331338 14336
39415357 16384
39427757 12288
39484912 14336
39540263 16384
39584001 18432
39624594 20480
39663648 22528
39697852 24576
39731521 26624
39741329 22528
39764729 24576
39799456 26624
39832289 28672
39867369 30720
39900615 32768
39934864 34816
39972422 36864
40011927 38912
40055804 34816
40056019 36864
40121298 38912
40192765 40960
40283253 43008
40368731 38912
40419971 40960
40684323 36864
40710289 38912
40997422 34816
40998229 36864
41288673 38912
41305240 34816
41579643 36864
41618333 32768
41870526 34816
41935289 30720
42161088 32768
42244788 28672
42449137 30720
42562323 26624
42736251 28672
42875432 24576
43022676 26624
43188387 22528
43313763 24576
43501420 20480
43814515 16384
44122574 12288
44320710 14336
44440428 10240
44611805 12288
44728421 14336
44748203 10240
44813638 12288
44870520 14336
44917497 16384
44959362 18432
44998873 20480
45035346 22528
45061163 18432
45068523 20480
45099842 22528
45129519 24576
45160169 26624
45188381 28672
45216588 30720
45244847 32768
45274645 34816
45305938 36864
45339843 38912
45374705 34816
45376117 36864
45423708 38912
45479874 40960
45545068 43008
45633381 45056
45689078 40960
45763823 43008
46005401 38912
46050293 40960
46314631 36864
46335893 38912
46622624 40960
46626967 36864
46914285 38912
46940412 34816
47205182 36864
47253575 32768
47496019 34816
47567644 30720
47786776 32768
47881105 28672
48077848 30720
48196372 26624
48365259 28672
48505564 24576
48656572 26624
48818268 22528
48942841 24576
49130504 20480
49445223 16384
49756604 12288
49948131 14336
50074375 10240
50237111 12288
50353655 14336
50382287 10240
50434092 12288
50490427 14336
50537036 16384
50580315 18432
50620794 20480
50655683 22528
50687951 24576
50695212 20480
50719461 22528
50752874 24576
50783721 26624
50812914 28672
50846746 30720
50877252 32768
50908447 34816
50941430 36864
50980988 38912
51008440 34816
51019388 36864
51072142 38912
51135384 40960
51208042 43008
51305541 45056
51321173 40960
51463959 43008
51635311 38912
51951755 34816
51965410 36864
52261328 32768
52467954 34816
52578302 30720
52891415 26624
52972600 28672
53204385 24576
53478576 26624
53512221 22528
53826015 18432
53983930 20480
54139032 16384
54453201 12288
54769379 8192
54990451 10240
55077771 6144
55116250 8192
55185056 10240
55236319 12288
55277847 14336
55314523 16384
55348657 18432
55379760 20480
55391483 16384
55410207 18432
55437789 20480
55465058 22528
55489201 24576
55514570 26624
55538501 28672
55561577 30720
55586698 32768
55611106 34816
55636544 36864
55664225 38912
55694948 40960
55703402 36864
55726267 38912
55767310 40960
55814305 43008
55873588 45056
55948234 47104
56016591 43008
56056197 45056
56283831 47104
56330259 43008
56511601 45056
56647543 40960
56737113 43008
56959138 38912
56960288 40960
57187857 43008
57268485 38912
57415892 40960
57584667 36864
57639842 38912
57867524 40960
57894236 36864
58090363 38912
58208119 34816
58318249 36864
58525448 32768
58544002 34816
58769367 36864
58838225 32768
58997117 34816
59151376 30720
59223274 32768
59451158 34816
59460117 30720
59676034 32768
59777067 28672
59903832 30720
60090417 26624
60128274 28672
60353922 30720
60398970 26624
60582492 28672
60716347 24576
60805566 26624
61029097 22528
61029676 24576
61338467 20480
61653067 16384
61967817 12288
62036222 14336
62281366 10240
62322115 12288
62438580 14336
62522186 16384
62589403 12288
62589499 14336
62649662 16384
62692936 18432
62733786 20480
62771828 22528
62807656 24576
62842253 26624
62876211 28672
62903799 24576
62909478 26624
62943831 28672
62980908 30720
63016132 32768
63053165 34816
63093549 36864
63134899 38912
63181720 40960
63215360 36864
63237004 38912
63327855 40960
63456464 43008
63528234 38912
63681265 40960
63843795 36864
64155403 32768
64472192 28672
64687561 30720
64785298 26624
65098433 22528
65411513 18432
65690673 20480
65719710 16384
66032831 12288
66350385 8192
66663406 4096
66695857 6144
66779751 8192
66839182 10240
66886180 12288
66926352 14336
66962358 16384
66971681 12288
66995194 14336
67023505 16384
67048720 18432
67071896 20480
67094292 22528
67115805 24576
67137031 26624
67158948 28672
67182489 30720
67203837 32768
67225142 34816
67247854 36864
67271830 38912
67284174 34816
67297501 36864
67328788 38912
67361073 40960
67397496 43008
67439441 45056
67491401 47104
67556404 49152
67600735 45056
67652636 47104
67855491 49152
67912842 45056
68061146 47104
68228367 43008
68261714 45056
68464845 47104
68541234 43008
68670566 45056
68854443 40960
68873074 43008
69079006 45056
69164386 40960
69281444 43008
69480504 38912
69482710 40960
69684676 43008
69793349 38912
69890084 40960
70091247 43008
70101295 38912
70296832 40960
70419357 36864
70502567 38912
70707127 40960
70728072 36864
70912893 38912
71045363 34816
71114232 36864
71319843 38912
71353402 34816
71523763 36864
71667481 32768
71727462 34816
71930388 36864
71980737 32768
72136427 34816
72297360 30720
72337168 32768
72539277 34816
72605627 30720
72745092 32768
72922166 28672
72946276 30720
73147585 32768
73236255 28672
73353175 30720
73544729 26624
73554168 28672
73755868 30720
73862309 26624
73956549 28672
74162266 30720
74170852 26624
74368140 28672
74488355 24576
74572155 26624
74774114 28672
74798314 24576
75110056 20480
75427318 16384
75739288 12288
75775610 14336
76052005 10240
76110844 12288
76231460 14336
76315465 16384
76361754 12288
76383585 14336
76435622 16384
76482273 18432
76522872 20480
76560158 22528
76596855 24576
76631452 26624
76664095 28672
76674816 24576
76697798 26624
76734038 28672
76772023 30720
76807858 32768
76845159 34816
76884935 36864
76931817 38912
76979851 40960
76987775 36864
77039253 38912
77138680 40960
77277040 43008
77300204 38912
77532753 40960
77613594 36864
77930858 32768
78244410 28672
78539452 30720
78552267 26624
78869324 22528
79180928 18432
79496418 14336
79541128 16384
79764834 18432
79805249 14336
79989069 16384
80120043 12288
80120231 14336
80217667 16384
80282349 18432
80338701 20480
80389850 22528
80430684 18432
80437501 20480
80482161 22528
80522510 24576
80562199 26624
80600519 28672
80641143 30720
80681359 32768
80724520 34816
80743541 30720
80770701 32768
80826987 34816
80890232 36864
80959397 38912
81044665 40960
81056172 36864
81155148 38912
81373060 34816
81661015 36864
81683170 32768
82000226 28672
82167291 30720
82308873 26624
82626465 22528
82670377 24576
82938223 20480
83175658 22528
83248290 18432
83561134 14336
83874097 10240
84181280 12288
84187077 8192
84350073 10240
84430542 12288
84492326 14336
84499851 10240
84542747 12288
84581979 14336
84617485 16384
84648774 18432
84678848 20480
84708285 22528
84734553 24576
84759753 26624
84787297 28672
84812514 30720
84812796 26624
84837781 28672
84865405 30720
84892822 32768
84921066 34816
84954170 36864
84985427 38912
85022117 40960
85061312 43008
85106538 45056
85125189 40960
85162698 43008
85278416 45056
85439265 40960
85479757 43008
85754476 38912
86069502 34816
86380870 30720
86486663 32768
86695007 28672
87005395 24576
87321437 20480
87493370 22528
87630786 18432
87947088 14336
88258712 10240
88498174 12288
88568203 8192
88684689 10240
88772029 12288
88838733 14336
88882530 10240
88892242 12288
88932594 14336
88968632 16384
89000544 18432
89029784 20480
89057910 22528
89084582 24576
89109823 26624
89135962 28672
89161275 30720
89186425 32768
89195467 28672
89213734 30720
89245937 32768
89278310 34816
89312935 36864
89349673 38912
89387123 40960
89428219 43008
89481373 45056
89507550 40960
89542089 43008
89684465 45056
89820632 40960
90023202 43008
90135075 38912
90362100 40960
90451260 36864
90700703 38912
90761836 34816
91039049 36864
91072208 32768
91375760 34816
91385415 30720
91699126 26624
91712197 28672
92016116 24576
92045670 26624
92329482 22528
92380770 24576
92642425 20480
92952848 16384
93265246 12288
93387568 14336
93581369 10240
93678269 12288
93794817 14336
93880265 16384
93889220 12288
93948148 14336
94003398 16384
94046813 18432
94088680 20480
94125011 22528
94159647 24576
94193019 26624
94203832 22528
94226927 24576
94262301 26624
94295232 28672
94329426 30720
94363952 32768
94399135 34816
94436287 36864
94475905 38912
94515938 34816
94519944 36864
94585254 38912
94661149 40960
94751633 43008
94828819 38912
94889971 40960
95146352 36864
95178803 38912
95455280 34816
95466832 36864
95761803 38912
95768084 34816
96052733 36864
96080623 32768
96340194 34816
96395284 30720
96631153 32768
96710737 28672
96921943 30720
97022819 26624
97212799 28672
97335269 24576
97504132 26624
97646973 22528
97795061 24576
97963487 20480
98272935 16384
98588801 12288
98802107 14336
98900093 10240
99089040 12288
99205564 14336
99210993 10240
99291119 12288
99347358 14336
99397312 16384
99438613 18432
99476951 20480
99513504 22528
99523678 18432
99546441 20480
99581146 22528
99610579 24576
99641218 26624
99672523 28672
99700766 30720
99730289 32768
99762143 34816
99794756 36864
99828874 38912
99836174 34816
99867238 36864
99916430 38912
99971858 40960
100036669 43008
100122551 45056
100149210 40960
100250636 43008
100467479 38912
100539446 40960
100780360 36864
100825867 38912
101089227 34816
101112044 36864
101402000 32768
101402753 34816
101693259 36864
101714209 32768
101979416 34816
102028452 30720
102270293 32768
102340289 28672
102561271 30720
102655096 26624
102852217 28672
102971399 24576
103142623 26624
103284375 22528
103429097 24576
103593250 20480
103907805 16384
104219351 12288
104432484 14336
104531770 10240
104719456 12288
104835992 14336
104844212 10240
104901957 12288
104958065 14336
105009731 16384
105050574 18432
105089631 20480
105123859 22528
105156965 24576
105157380 20480
105188295 22528
105219558 24576
105250529 26624
105280996 28672
105311075 30720
105342733 32768
105375234 34816
105406776 36864
105442064 38912
105472769 34816
105481591 36864
105537922 38912
105597380 40960
105673706 43008
105772064 45056
105783825 40960
105926327 43008
106101384 38912
106413619 34816
106428321 36864
106724653 32768
106934179 34816
107039606 30720
107349094 26624
107440032 28672
107666355 24576
107946647 26624
107974259 22528
108287707 18432
108453036 20480
108605425 16384
108918370 12288
109231579 8192
109455895 10240
109544264 6144
109582082 8192
109646555 10240
109702410 12288
109748144 14336
109784833 16384
109817119 18432
109848512 20480
109852193 16384
109876897 18432
109903941 20480
109929723 22528
109954611 24576
109977940 26624
110001120 28672
110024337 30720
110047572 32768
110071943 34816
110097388 36864
110123884 38912
110153181 40960
110165173 36864
110186389 38912
110226980 40960
110277617 43008
110333740 45056
110405590 47104
110480991 43008
110510975 45056
110738613 47104
110792104 43008
110962881 45056
111105277 40960
111190485 43008
111414192 45056
111417272 40960
111637714 43008
111735331 38912
111865574 40960
112048034 36864
112088235 38912
112315184 40960
112356837 36864
112538311 38912
112671981 34816
112766044 36864
112987374 32768
112988841 34816
113215836 36864
113300242 32768
113443878 34816
113613385 30720
113670775 32768
113895535 34816
113922756 30720
114123727 32768
114239347 28672
114347901 30720
114552397 26624
114571413 28672
114799441 30720
114863966 26624
115022770 28672
115174201 24576
115247526 26624
115472271 28672
115486879 24576
115801950 20480
116116837 16384
116426135 12288
116477182 14336
116743035 10240
116811959 12288
116934416 14336
117018662 16384
117051991 12288
117088656 14336
117140407 16384
117188544 18432
117229738 20480
117269096 22528
117305839 24576
117340571 26624
117364167 22528
117374761 24576
117409128 26624
117443373 28672
117480052 30720
117513802 32768
117549134 34816
117587291 36864
117630197 38912
117675011 40960
117677312 36864
117730729 38912
117814089 40960
117926419 43008
117995221 38912
118112907 40960
118305328 36864
118619021 32768
118783304 34816
118930749 30720
119247233 26624
119455568 28672
119560381 24576
119872996 20480
120122815 22528
120186220 18432
120495223 14336
120812377 10240
121125016 6144
121125262 8192
121311947 10240
121388669 12288
121434591 8192
121446494 10240
121488290 12288
121524453 14336
121555723 16384
121584578 18432
121613544 20480
121639546 22528
121663795 24576
121690064 26624
121713318 28672
121739407 30720
121746840 26624
121763981 28672
121789246 30720
121814505 32768
121841957 34816
121870616 36864
121900742 38912
121935005 40960
121971849 43008
122014043 45056
122063147 40960
122063211 43008
122124786 45056
122212384 47104
122346979 49152
122372788 45056
122681140 47104
122685764 43008
122999746 38912
123017559 40960
123312081 36864
123351271 38912
123625225 34816
123688660 36864
123937435 32768
124022419 34816
124255437 30720
124359530 32768
124568369 28672
124693529 30720
124880790 26624
125031379 28672
125194372 24576
125370128 26624
125505316 22528
125704569 24576
125820339 20480
126131078 16384
126441321 12288
126711017 14336
126754201 10240
127002284 12288
127071793 8192
127159000 10240
127228367 12288
127297475 14336
127349697 16384
127380238 12288
127393077 14336
127428719 16384
127461884 18432
127491219 20480
127518501 22528
127546019 24576
127572778 26624
127597054 28672
127621802 30720
127646697 32768
127671524 34816
127694257 30720
127696949 32768
127724107 34816
127753362 36864
127784578 38912
127817846 40960
127854996 43008
127895885 45056
127948129 47104
128008610 43008
128008717 45056
128089882 47104
128224008 49152
128321673 45056
128633883 40960
128729881 43008
128947076 38912
129235815 40960
129258404 36864
129571848 32768
129742126 34816
129889398 30720
130198197 26624
130244028 28672
130515462 24576
130749956 26624
130824104 22528
131138448 18432
131255384 20480
131454437 16384
131767467 12288
132078981 8192
132261975 10240
132388495 6144
132599769 8192
132706329 4096
132725694 6144
132794500 8192
132847208 10240
132891035 12288
132927210 14336
132956099 16384
132984093 18432
133008342 20480
133014573 16384
133030722 18432
133051286 20480
133072893 22528
133092094 24576
133113486 26624
133131779 28672
133150642 30720
133167800 32768
133185029 34816
133204013 36864
133222413 38912
133240674 40960
133259886 43008
133280111 45056
133301885 47104
133325111 49152
133327148 45056
133351462 47104
133387569 49152
133435787 49152
133494064 49152
133579415 49152
133641465 45056
133736160 47104
133958517 43008
134266630 38912
134582312 34816
134743410 36864
134897403 32768
135210366 28672
135523445 24576
135749068 26624
135832261 22528
136144501 18432
136462414 14336
136756425 16384
136770369 12288
137083776 8192
137401405 4096
137714390 0
137758476 2048
137864210 4096
137939180 6144
137998308 8192
138022187 4096
138040548 6144
138069207 8192
138095185 10240
138118078 12288
138138332 14336
138156584 16384
138173888 18432
138190641 20480
138206843 22528
138222639 24576
138236816 26624
138251848 28672
138266636 30720
138280819 32768
138295527 34816
138311308 36864
138326698 38912
138335683 34816
138340966 36864
138356203 38912
138372413 40960
138389659 43008
138407869 45056
138427884 47104
138450196 49152
138472443 49152
138499166 49152
138528262 49152
138565117 49152
138610686 49152
138651367 45056
138669054 47104
138872797 49152
138963769 45056
139073860 47104
139275442 43008
139275706 45056
139477773 47104
139592281 43008
139680638 45056
139883327 47104
139900223 43008
140089118 45056
140213813 40960
140294719 43008
140500496 45056
140526565 40960
140705458 43008
140840122 38912
140906426 40960
141107818 43008
141154353 38912
141313664 40960
141470400 36864
141516809 38912
141722348 40960
141780416 36864
141924669 38912
142096410 34816
142125509 36864
142331635 38912
142408107 34816
142537417 36864
142722434 32768
142742593 34816
142949382 36864
143031332 32768
143149581 34816
143348414 30720
143350150 32768
143556131 34816
143661295 30720
143757016 32768
143960793 34816
143969262 30720
144164823 32768
144287399 28672
144370490 30720
144576210 32768
144595239 28672
144782237 30720
144913422 26624
144984559 28672
145189131 30720
145221245 26624
145393744 28672
145536277 24576
145594858 26624
145800654 28672
145849756 24576
146005343 26624
146165345 22528
146478425 18432
146787112 14336
147011781 16384
147104303 12288
147415816 8192
147725640 4096
148015536 6144
148038207 2048
148174209 4096
148253738 6144
148311950 8192
148352021 4096
148356112 6144
148385929 8192
148415430 10240
148439218 12288
148461832 14336
148482327 16384
148501591 18432
148517742 20480
148534023 22528
148549806 24576
148565051 26624
148579813 28672
148594478 30720
148608762 32768
148623828 34816
148638160 36864
148652368 38912
148667620 40960
148667838 36864
148683436 38912
148699859 40960
148718728 43008
148737980 45056
148758642 47104
148781616 49152
148805879 49152
148834544 49152
148867564 49152
148909298 49152
148960366 49152
148977232 45056
149032985 47104
149290221 43008
149534440 45056
149604874 40960
149917474 36864
150038467 38912
150234370 34816
150539726 36864
150542741 32768
150859431 28672
151044052 30720
151173378 26624
151483478 22528
151549030 24576
151799384 20480
152051952 22528
152110853 18432
152421952 14336
152552890 16384
152738447 12288
153046312 8192
153226713 10240
153359677 6144
153393064 8192
153488520 10240
153559917 12288
153619184 14336
153667165 16384
153672363 12288
153705957 14336
153735468 16384
153763224 18432
153789522 20480
153813784 22528
153836026 24576
153857592 26624
153878790 28672
153900379 30720
153921465 32768
153941809 34816
153962799 36864
153984143 38912
153986368 34816
154005453 36864
154030285 38912
154059155 40960
154088274 43008
154121165 45056
154155828 47104
154197007 49152
154247279 49152
154298244 45056
154305794 47104
154463984 49152
154616348 45056
154929295 40960
155239235 36864
155470221 38912
155554794 34816
155865502 30720
156180394 26624
156477486 28672
156489314 24576
156804867 20480
157120400 16384
157431344 12288
157481795 14336
157746408 10240
158055525 6144
158368376 2048
158488810 4096
158611247 6144
158685310 2048
158696005 4096
158742082 6144
158781098 8192
158813507 10240
158841905 12288
158865917 14336
158887191 16384
158907239 18432
158925678 20480
158943586 22528
158959776 24576
158976130 26624
158991798 28672
158994491 24576
159007176 26624
159022699 28672
159038098 30720
159053397 32768
159068617 34816
159084832 36864
159101095 38912
159117284 40960
159137223 43008
159155504 45056
159175537 47104
159195784 49152
159218121 49152
159243085 49152
159271429 49152
159304752 49152
159306158 45056
159350345 47104
159434655 49152
159606008 49152
159619229 45056
159935061 40960
160250426 36864
160559924 32768
160608590 34816
160872952 30720
161189395 26624
161498365 22528
161610263 24576
161815383 20480
162128400 16384
162441407 12288
162615738 14336
162754419 10240
163067317 6144
163380379 2048
163622254 4096
163688531 0
163737993 2048
163796957 4096
163845473 6144
163882024 8192
163912445 10240
163937751 12288
163960020 14336
163982489 16384
164001875 12288
164002056 14336
164019039 16384
164035325 18432
164051162 20480
164067062 22528
164081287 24576
164095820 26624
164109097 28672
164123047 30720
164136241 32768
164149987 34816
164163778 36864
164176975 38912
164191946 40960
164206132 43008
164221366 45056
164236572 47104
164252760 49152
164270045 49152
164290712 49152
164312409 49152
164315593 45056
164336769 47104
164372675 49152
164417796 49152
164476988 49152
164560821 49152
164627714 45056
164719278 47104
164940541 43008
165258468 38912
165571126 34816
165730090 36864
165884079 32768
166193384 28672
166507313 24576
166737445 26624
166823310 22528
167135098 18432
167447259 14336
167742781 16384
167757348 12288
168071140 8192
168388180 4096
168701366 0
168744015 2048
168849920 4096
168925164 6144
168984440 8192
169009242 4096
169025252 6144
169055272 8192
169081695 10240
169104023 12288
169125415 14336
169143731 16384
169160896 18432
169177768 20480
169192386 22528
169207750 24576
169222507 26624
169236704 28672
169251757 30720
169266061 32768
169280243 34816
169294467 36864
169308706 38912
169323080 40960
169323330 36864
169338424 38912
169355181 40960
169372407 43008
169391385 45056
169411834 47104
169433014 49152
169457144 49152
169484279 49152
169517216 49152
169555202 49152
169603225 49152
169635733 45056
169672630 47104
169952077 43008
169959653 45056
170250298 47104
170261265 43008
170541133 45056
170576703 40960
170832247 43008
170889074 38912
171121953 40960
171204879 36864
171411881 38912
171518320 34816
171702680 36864
171831372 32768
171992447 34816
172144390 30720
172283333 32768
172457384 28672
172574300 30720
172770415 26624
172863707 28672
173083332 24576
173154330 26624
173392928 22528
173443810 24576
173709396 20480
173730949 22528
174017468 18432
174332705 14336
174646167 10240
174733360 12288
174961412 8192
175237810 10240
175269299 6144
175409543 8192
175491355 10240
175552257 12288
175582203 8192
175607219 10240
175643110 12288
175674410 14336
175704249 16384
175729531 18432
175752936 20480
175775037 22528
175795846 24576
175816144 26624
175835318 28672
175854668 30720
175872889 32768
175891833 34816
175895191 30720
175911786 32768
175932077 34816
175952277 36864
175974140 38912
175996450 40960
176020633 43008
176046100 45056
176074756 47104
176105029 49152
176141063 49152
176183883 49152
176208166 45056
176235824 47104
176361304 49152
176526277 45056
176838150 40960
176863717 43008
177152382 38912
177366635 40960
177460504 36864
177778408 32768
177873473 34816
178087538 30720
178378545 32768
178399936 28672
178717387 24576
178880166 26624
179030343 22528
179342856 18432
179381231 20480
179656512 16384
179965111 12288
180282428 8192
180383260 10240
180595365 6144
180718120 8192
180844612 10240
180904119 6144
180928090 8192
180982107 10240
181027408 12288
181064482 14336
181097656 16384
181126010 18432
181152010 20480
181175177 22528
181199044 24576
181217461 20480
181220716 22528
181240920 24576
181261221 26624
181281408 28672
181300966 30720
181322300 32768
181341682 34816
181361026 36864
181381294 38912
181401505 40960
181424513 43008
181446709 45056
181471347 47104
181497639 49152
181526844 49152
181529240 45056
181562370 47104
181617111 49152
181702402 49152
181847207 45056
181858012 47104
182160335 43008
182468802 38912
182525054 40960
182786376 36864
183097700 32768
183192938 34816
183412637 30720
183725651 26624
183865428 28672
184035856 24576
184348180 20480
184537564 22528
184664382 18432
184977449 14336
185204997 16384
185288746 12288
185603417 8192
185916427 4096
186207505 6144
186224296 2048
186341957 4096
186415315 6144
186469808 8192
186515732 10240
186537180 6144
186549239 8192
186575153 10240
186598868 12288
186620136 14336
186639859 16384
186658734 18432
186677012 20480
186693221 22528
186708464 24576
186723825 26624
186738850 28672
186755852 30720
186770706 32768
186784900 34816
186799954 36864
186815056 38912
186830849 40960
186847193 43008
186851051 38912
186866958 40960
186885289 43008
186904517 45056
186925738 47104
186948978 49152
186974350 49152
187003385 49152
187036603 49152
187079012 49152
187139318 49152
187163205 45056
187227661 47104
187479918 43008
187791775 38912
188106466 34816
188234429 36864
188416197 32768
188730480 28672
189045020 24576
189241340 26624
189359372 22528
189668122 18432
189981824 14336
190248033 16384
190293723 12288
190610657 8192
190923319 4096
191236880 0
191252353 2048
191358195 4096
191433096 6144
191491015 8192
191525884 10240
191546264 6144
191562630 8192
191587831 10240
191610181 12288
191631606 14336
191651768 16384
191670489 18432
191687365 20480
191703775 22528
191719793 24576
191735950 26624
191750589 28672
191764844 30720
191779537 32768
191795217 34816
191809379 36864
191823630 38912
191839607 40960
191855756 43008
191859770 38912
191872052 40960
191891101 43008
191911026 45056
191932299 47104
191954548 49152
191979779 49152
192011102 49152
192046012 49152
192088802 49152
192143241 49152
192171790 45056
192223541 47104
192484272 43008
192802406 38912
193114161 34816
193225009 36864
193428541 32768
193741440 28672
194054433 24576
194226862 26624
194367261 22528
194677753 18432
194993405 14336
195230806 16384
195306231 12288
195617135 8192
195927458 4096
196235360 6144
196240241 2048
196390153 4096
196464736 6144
196519520 8192
196556286 4096
196564427 6144
196594974 8192
196620287 10240
196643553 12288
196664919 14336
196684084 16384
196702526 18432
196719266 20480
196735473 22528
196754156 24576
196765923 26624
196780179 28672
196795022 30720
196809265 32768
196823595 34816
196838484 36864
196852711 38912
196866775 34816
196867936 36864
196884143 38912
196900396 40960
196919534 43008
196937840 45056
196958633 47104
196979898 49152
197003198 49152
197029681 49152
197062939 49152
197099326 49152
197145542 49152
197179517 45056
197210761 47104
197497301 43008
197497632 45056
197788364 47104
197805278 43008
198079417 45056
198118262 40960
198370302 43008
198436278 38912
198656546 40960
198744662 36864
198947512 38912
199062315 34816
199238366 36864
199375339 32768
199527343 34816
199685181 30720
199818213 32768
199996720 28672
200107235 30720
200314610 26624
200393390 28672
200627406 24576
200681042 26624
200936266 22528
200968315 24576
201253652 20480
201253848 22528
201566442 18432
201876917 14336
202192430 10240
202255188 12288
202505417 8192
202756523 10240
202818304 6144
202928104 8192
203008942 10240
203070438 12288
203121684 14336
203126195 10240
203163199 12288
203195068 14336
203223812 16384
203251556 18432
203275848 20480
203298044 22528
203319887 24576
203340123 26624
203360422 28672
203379825 30720
203399070 32768
203419879 34816
203439070 36864
203439193 32768
203459467 34816
203481972 36864
203506251 38912
203531154 40960
203556986 43008
203584650 45056
203615368 47104
203649725 49152
203686844 49152
203735180 49152
203752190 45056
203795574 47104
203999388 49152
204065244 45056
204205124 47104
204379646 43008
204405867 45056
204606844 47104
204696362 43008
204812499 45056
205009399 40960
205013858 43008
205216277 45056
205322283 40960
205418622 43008
205623563 45056
205631178 40960
205825996 43008
205943726 38912
206031594 40960
206237212 43008
206256234 38912
206443286 40960
206574263 36864
206644871 38912
206850703 40960
206882238 36864
207051482 38912
207200361 34816
207255161 36864
207461102 38912
207511682 34816
207667391 36864
207826391 32768
207868118 34816
208075721 36864
208139234 32768
208281574 34816
208452397 30720
208486016 32768
208686962 34816
208761400 30720
208892959 32768
209078385 28672
209097654 30720
209299417 32768
209386985 28672
209505290 30720
209704401 26624
209706092 28672
209908281 30720
210017306 26624
210109402 28672
210315273 30720
210325305 26624
210521308 28672
210643382 24576
210723223 26624
210929248 28672
210952093 24576
211130299 26624
211269402 22528
211579541 18432
211895377 14336
212136800 16384
212203807 12288
212521410 8192
212829889 4096
213138966 6144
213143043 2048
213297963 4096
213373073 6144
213431742 8192
213455614 4096
213477000 6144
213768147 2048
