0 2048
328287 4096
448841 6144
528654 8192
586078 10240
619571 6144
631913 8192
665412 10240
694684 12288
720993 14336
746817 16384
770798 18432
793571 20480
815379 22528
837777 24576
858708 26624
879075 28672
901949 30720
923669 32768
931502 28672
946099 30720
969595 32768
994405 34816
1021012 36864
1048258 38912
1078613 40960
1112361 43008
1153420 45056
1201873 47104
1245375 43008
1264159 45056
1430565 47104
1562525 43008
1871400 38912
2188674 34816
2434800 36864
2496989 32768
2811550 28672
3123249 24576
3436434 20480
3436659 22528
3748591 18432
4062080 14336
4375679 10240
4437196 12288
4553523 14336
4638148 16384
4688917 12288
4706570 14336
4760697 16384
4810997 18432
4852270 20480
4892917 22528
4932846 24576
4970382 26624
5000524 22528
5008645 24576
5047060 26624
5084942 28672
5123400 30720
5163915 32768
5208563 34816
5254419 36864
5307089 38912
5314116 34816
5367521 36864
5467810 38912
5603031 40960
5626758 36864
5858774 38912
5943262 34816
6252754 30720
6570423 26624
6865166 28672
6878586 24576
7194375 20480
7507512 16384
7822726 12288
7869059 14336
8036080 16384
8135528 12288
8155182 14336
8231844 16384
8294884 18432
8350707 20480
8402617 22528
8444121 18432
8452603 20480
8497243 22528
8541305 24576
8585358 26624
8626972 28672
8670002 30720
8719260 32768
8756522 28672
8767308 30720
8823315 32768
8886949 34816
8975285 36864
9058952 38912
9070065 34816
9170964 36864
9383945 32768
9505949 34816
9700635 30720
10009930 26624
10326657 22528
10512261 24576
10639576 20480
10948905 16384
11265706 12288
11518412 14336
11573536 10240
11634475 12288
11715896 14336
11780698 16384
11836679 18432
11886816 14336
11886964 16384
11929222 18432
11969188 20480
12008259 22528
12044162 24576
12078601 26624
12115281 28672
12151673 30720
12188495 32768
12202663 28672
12227376 30720
12273051 32768
12319252 34816
12375524 36864
12433778 38912
12510048 40960
12513078 36864
12605960 38912
12825804 34816
12893637 36864
13143680 32768
13451635 28672
13769730 24576
13900099 26624
14080619 22528
14396284 18432
14704058 14336
14906480 16384
15020093 12288
15133971 14336
15239330 16384
15324207 18432
15330310 14336
15400634 16384
15460176 18432
15510453 20480
15559895 22528
15605576 24576
15646383 20480
15649327 22528
15691016 24576
15731321 26624
15771806 28672
15815855 30720
15859848 32768
15908864 34816
15955988 30720
15961137 32768
16028889 34816
16103746 36864
16199037 38912
16270232 34816
16328095 36864
16586647 32768
16833906 34816
16894726 30720
17212820 26624
17338583 28672
17525593 24576
17836014 20480
17839841 22528
18151293 18432
18461703 14336
18506814 16384
18688589 18432
18777573 14336
18822974 16384
18913686 18432
18988786 20480
19055201 22528
19086319 18432
19118873 20480
19177813 22528
19230921 24576
19285254 26624
19341527 28672
19393864 30720
19399233 26624
19450450 28672
19513393 30720
19584631 32768
19662312 34816
19712379 30720
19752608 32768
19889642 34816
20029524 30720
20071505 32768
20341205 28672
20652665 24576
20742578 26624
20968718 22528
21278751 18432
21593905 14336
21749008 16384
21903454 12288
21974146 14336
22079648 16384
22167896 18432
22215496 14336
22240302 16384
22296083 18432
22349810 20480
22398093 22528
22442460 24576
22487980 26624
22529480 22528
22531316 24576
22575017 26624
22620176 28672
22664441 30720
22712021 32768
22765101 34816
22824993 36864
22841497 32768
22894201 34816
22994490 36864
23121731 38912
23155150 34816
23323347 36864
23472564 32768
23783774 28672
23995311 30720
24094576 26624
24408032 22528
24667649 24576
24719534 20480
25035806 16384
25350706 12288
25663624 8192
25670027 10240
25770416 12288
25846817 14336
25910099 16384
25964849 18432
25971484 14336
26011141 16384
26050574 18432
26088504 20480
26122852 22528
26158317 24576
26190598 26624
26222865 28672
26258289 30720
26285664 26624
26292938 28672
26330350 30720
26369914 32768
26411300 34816
26456407 36864
26507322 38912
26568398 40960
26599794 36864
26643464 38912
26801734 40960
26911606 36864
27136268 38912
27224584 34816
27474765 36864
27539429 32768
27811818 34816
27851153 30720
28150140 32768
28163201 28672
28478244 24576
28485234 26624
28788809 22528
29103334 18432
29415065 14336
29486845 16384
29712189 18432
29727612 14336
29870710 16384
29971119 18432
30045567 14336
30052861 16384
30113574 18432
30169482 20480
30220118 22528
30270361 24576
30320155 26624
30353490 22528
30367304 24576
30418531 26624
30465067 28672
30512727 30720
30563207 32768
30620136 34816
30669202 30720
30680464 32768
30765727 34816
30861291 36864
30980484 32768
30986749 34816
31294734 30720
31321152 32768
31610784 28672
31920065 24576
32236756 20480
32327192 22528
32549666 18432
32858243 14336
33172490 10240
33333127 12288
33449665 14336
33485008 10240
33534031 12288
33593500 14336
33640726 16384
33686335 18432
33727285 20480
33766848 22528
33796528 18432
33802392 20480
33835649 22528
33867889 24576
33900077 26624
33931327 28672
33963538 30720
33996808 32768
34031977 34816
34069357 36864
34113050 32768
34113247 34816
34169430 36864
34234702 38912
34311272 40960
34416615 43008
34423220 38912
34585804 40960
34736390 36864
35048537 32768
35257816 34816
35362346 30720
35679769 26624
35930119 28672
35987524 24576
36305685 20480
36599813 22528
36613660 18432
36929208 14336
37241515 10240
37553719 6144
37602510 8192
37681808 10240
37743970 12288
37791486 14336
37834046 16384
37865893 12288
37871860 14336
37908100 16384
37938428 18432
37966301 20480
37994874 22528
38021527 24576
38048680 26624
38074968 28672
38100182 30720
38127886 32768
38155170 34816
38178782 30720
38184749 32768
38218520 34816
38254434 36864
38296307 38912
38342486 40960
38395196 43008
38462478 45056
38491496 40960
38562917 43008
38809562 38912
39119466 34816
39234672 36864
39435632 32768
39748692 28672
39903527 30720
40061149 26624
40374732 22528
40575655 24576
40687579 20480
40999117 16384
41311347 12288
41577875 14336
41623022 10240
41736238 12288
41820076 14336
41889377 16384
41935270 12288
41946494 14336
41990415 16384
42030193 18432
42067458 20480
42102484 22528
42137818 24576
42173534 26624
42206867 28672
42240145 30720
42247784 26624
42276839 28672
42315471 30720
42356370 32768
42400141 34816
42445321 36864
42500588 38912
42561200 34816
42561318 36864
42635857 38912
42761202 40960
42877764 36864
42984164 38912
43187335 34816
43503967 30720
43813744 26624
43985392 28672
44130220 24576
44439194 20480
44753468 16384
44988260 18432
45064736 14336
45327235 16384
45377774 12288
45475050 14336
45563355 16384
45633427 18432
45695523 14336
45695805 16384
45744210 18432
45791724 20480
45833848 22528
45874981 24576
45916940 26624
45956195 28672
45997232 30720
46003482 26624
46041083 28672
46087655 30720
46136119 32768
46190063 34816
46248472 36864
46315444 38912
46316518 34816
46399725 36864
46569503 38912
46630227 34816
46908236 36864
46942559 32768
47243590 34816
47255644 30720
47573753 26624
47579171 28672
47885801 24576
47918108 26624
48199703 22528
48512811 18432
48822007 14336
48920490 16384
49135704 12288
49143427 14336
49253081 16384
49341419 18432
49415114 20480
49446849 16384
49480346 18432
49533739 20480
49589018 22528
49638316 24576
49684956 26624
49733590 28672
49759556 24576
49782371 26624
49833785 28672
49885613 30720
49944808 32768
50003075 34816
50069820 36864
50073073 32768
50150547 34816
50284542 36864
50388360 32768
50485900 34816
50699292 30720
51016734 26624
51327414 22528
51491999 24576
51642576 20480
51955754 16384
52266787 12288
52498628 14336
52576600 10240
52657200 12288
52742463 14336
52811145 16384
52869306 18432
52890235 14336
52922790 16384
52966261 18432
53005436 20480
53041659 22528
53079068 24576
53114353 26624
53148579 28672
53188035 30720
53202481 26624
53224488 28672
53264781 30720
53305571 32768
53352887 34816
53402262 36864
53456561 38912
53517470 34816
53521641 36864
53627778 38912
53781768 40960
53828514 36864
54117180 38912
54141538 34816
54456443 30720
54456738 32768
54772670 28672
54790680 30720
55085735 26624
55124362 28672
55398685 24576
55458405 26624
55711691 22528
56024756 18432
56336371 14336
56460583 16384
56650650 12288
56682926 14336
56789399 16384
56875175 18432
56951511 20480
56960246 16384
57019948 18432
57078988 20480
57129638 22528
57181905 24576
57228298 26624
57273866 22528
57274540 24576
57320747 26624
57368013 28672
57419939 30720
57473623 32768
57527889 34816
57586474 30720
57588183 32768
57669268 34816
57764762 36864
57893102 38912
57897605 34816
58094726 36864
58211000 32768
58528747 28672
58767062 30720
58836517 26624
59152297 22528
59434648 24576
59463148 20480
59780175 16384
60089435 12288
60403953 8192
60435843 10240
60536216 12288
60612505 14336
60674585 16384
60719335 12288
60727222 14336
60767459 16384
60806967 18432
60841759 20480
60873939 22528
60906543 24576
60938402 26624
60969924 28672
61003463 30720
61029817 26624
61037082 28672
61073552 30720
61112611 32768
61150839 34816
61195586 36864
61241843 38912
61299513 40960
61340707 36864
61366401 38912
61491751 40960
61658603 36864
61715138 38912
61967517 34816
62282682 30720
62596468 26624
62721079 28672
62910496 24576
63222806 20480
63532783 16384
63725946 18432
63845582 14336
64064836 16384
64160941 12288
64207189 14336
64295528 16384
64364148 18432
64428378 20480
64470492 16384
64485531 18432
64532791 20480
64580386 22528
64622894 24576
64665869 26624
64710017 28672
64753460 30720
64786303 26624
64798515 28672
64851632 30720
64903351 32768
64961974 34816
65024519 36864
65096517 32768
65099445 34816
65221703 36864
65391292 38912
65409618 34816
65723126 30720
65724903 32768
66040743 28672
66062753 30720
66349113 26624
66397804 28672
66666864 24576
66732402 26624
66979616 22528
67291442 18432
67605688 14336
67733889 16384
67913875 12288
67957149 14336
68067454 16384
68153057 18432
68225355 20480
68226576 16384
68286897 18432
68342232 20480
68394664 22528
68444288 24576
68491924 26624
68538278 28672
68539478 24576
68585647 26624
68637036 28672
68852475 24576
69165472 20480
69478476 16384
69791474 12288
70104475 8192
70417495 4096
70730475 0
