0 333333333
338900 130000000
472416 148000000
621763 158000000
785705 169000000
955756 183000000
1144505 202000000
1352213 220000000
1574652 244000000
1819985 279000000
2104712 314000000
2421312 367000000
2794268 441000000
3240896 567000000
3811916 737000000
4550971 999999999
5556716 999999999
6558567 999999999
7564022 999999999
8569940 999999999
9571860 131000000
9704666 139000000
9849395 148000000
10000388 159000000
10160138 170000000
10331503 186000000
10521375 203000000
10726762 222000000
10954258 250000000
11206497 282000000
11494545 318000000
11818543 372000000
12196118 448000000
12649778 580000000
13232748 758000000
13993018 999999999
14994334 999999999
16000223 999999999
17000957 999999999
18002402 999999999
19008248 132000000
19143464 139000000
19288064 149000000
19438572 159000000
19603085 173000000
19781792 186000000
19973269 205000000
20184033 224000000
20412695 249000000
20664003 281000000
20951050 328000000
21284804 378000000
21668560 456000000
22130080 593000000
22726887 781000000
23513821 999999999
24514439 999999999
25520358 999999999
26522041 999999999
27527356 999999999
28529644 132000000
28667383 140000000
28809286 149000000
28963683 161000000
29128087 172000000
29305777 189000000
29499074 204000000
29708729 228000000
29939228 251000000
30196477 284000000
30486307 326000000
30813716 391000000
31206715 464000000
31674214 607000000
32282411 805000000
33092951 999999999
34096595 999999999
35101212 999999999
36106983 999999999
37111601 999999999
38117364 133000000
38256070 141000000
38402770 151000000
38557554 161000000
38724170 175000000
38905005 188000000
39094598 208000000
39308712 228000000
39542567 254000000
39797303 287000000
40085237 330000000
40416987 397000000
40817928 473000000
41295061 602000000
41898652 866000000
42769539 999999999
43771562 999999999
44773215 999999999
45776731 999999999
46779345 999999999
47780319 134000000
47919983 142000000
48067682 152000000
48224372 162000000
48391858 176000000
48571641 190000000
48767176 210000000
49002359 230000000
49235663 256000000
49493435 290000000
49784467 335000000
50123277 403000000
50532232 482000000
51019993 617000000
51642818 896000000
52540801 999999999
53541771 999999999
54543245 999999999
55545905 999999999
56548402 999999999
57549929 134000000
57684848 142000000
57828505 153000000
57994277 163000000
58160287 177000000
58343178 191000000
58535409 209000000
58750069 234000000
58985846 259000000
59246131 294000000
59545813 339000000
59886267 409000000
60301558 491000000
60794667 632000000
61430798 928000000
62360957 999999999
63364441 999999999
64368200 999999999
65370777 999999999
66372338 999999999
67374456 135000000
67515418 143000000
67663464 152000000
67820907 165000000
67988808 177000000
68171189 194000000
68370894 211000000
68582530 234000000
68822146 265000000
69087983 297000000
69387106 343000000
69735840 416000000
70153966 500000000
70659864 647000000
71311989 962000000
72277445 999999999
73278734 999999999
74286799 999999999
75288003 999999999
76288944 999999999
77290758 136000000
77430800 143000000
77577263 154000000
77735484 165000000
77901737 180000000
78086025 194000000
78280890 213000000
78499399 239000000
78744886 264000000
79010419 305000000
79318396 348000000
79672322 414000000
80092060 523000000
80616033 664000000
81281559 999000000
82286338 999999999
83291000 999999999
84294385 999999999
85296959 999999999
86302777 999999999
87303620 137000000
87446328 144000000
87594285 155000000
87750936 166000000
87919539 181000000
88101644 195000000
88299812 215000000
88517609 241000000
88762378 267000000
89031567 309000000
89345945 353000000
89700729 420000000
90122257 534000000
90662258 681000000
91344379 999999999
92348156 999999999
93354084 999999999
94359826 999999999
95365793 999999999
96367512 999999999
97373602 137000000
97513277 146000000
97661172 155000000
97819365 168000000
97988281 181000000
98175176 199000000
98395660 216000000
98612495 240000000
98855874 273000000
99132523 308000000
99445373 358000000
99809383 427000000
100237608 545000000
100785185 700000000
101485968 999999999
102490203 999999999
103492343 999999999
104494617 999999999
105498386 999999999
106502851 999999999
107507106 138000000
107650872 147000000
107802144 156000000
107958581 169000000
108128329 182000000
108312254 198000000
108516045 221000000
108742846 242000000
108985902 272000000
109259005 316000000
109577983 363000000
109943999 434000000
110378796 557000000
110941849 719000000
111664242 999999999
112669295 999999999
113675405 999999999
114681266 999999999
115686360 999999999
116688057 130000000
116823859 138000000
116967694 147000000
117115293 157000000
117277341 171000000
117452870 183000000
117638114 202000000
117840969 220000000
118061554 245000000
118309076 279000000
118593216 315000000
118909839 368000000
119278713 442000000
119724846 569000000
120299767 739000000
121044706 999999999
122045622 999999999
123049469 999999999
124055229 999999999
125058701 999999999
126063848 131000000
126200554 139000000
126345290 148000000
126495508 158000000
126658949 172000000
126832636 185000000
127018608 204000000
127228402 222000000
127451909 247000000
127702121 282000000
127986484 319000000
128311666 373000000
128690724 449000000
129146001 582000000
129734221 761000000
130501141 999999999
131503166 999999999
132509823 999999999
133511656 999999999
134515641 999999999
135517366 132000000
135652170 140000000
135797912 149000000
135952022 159000000
136116455 173000000
136294227 186000000
136482994 203000000
136691713 226000000
136918871 249000000
137173746 281000000
137458526 323000000
137787112 386000000
138177846 457000000
138640610 595000000
139237269 784000000
140022934 999999999
141024622 999999999
142028924 999999999
143034581 999999999
144040439 999999999
145044495 132000000
145177895 140000000
145318909 149000000
145468867 161000000
145635489 172000000
145813012 189000000
146003390 205000000
146209047 226000000
146436309 255000000
146697357 284000000
146987367 327000000
147320140 392000000
147717074 466000000
148184757 609000000
148799783 808000000
149609439 999999999
150612975 999999999
151618111 999999999
152624017 999999999
153628733 999999999
154629967 133000000
154768708 141000000
154912086 151000000
155065758 161000000
155229068 175000000
155409958 189000000
155599604 206000000
155811026 230000000
156046525 254000000
156306360 288000000
156600150 331000000
156936772 398000000
157336933 474000000
157815511 604000000
158425208 870000000
159301217 999999999
160304106 999999999
161310544 999999999
162316702 999999999
163319590 999999999
164325494 134000000
164465148 142000000
164611487 152000000
164769173 162000000
164936744 176000000
165118646 190000000
165311315 208000000
165520431 232000000
165754840 257000000
166054234 291000000
166351365 335000000
166688808 404000000
167098811 483000000
167585998 619000000
168208220 900000000
169111528 999999999
170113875 999999999
171119581 999999999
172120323 999999999
173122527 999999999
174129185 135000000
174270255 143000000
174419041 152000000
174571537 164000000
174741161 176000000
174922678 193000000
175121586 210000000
175334785 232000000
175570462 263000000
175839539 294000000
176139855 340000000
176485741 410000000
176901620 492000000
177396040 634000000
178032411 933000000
178969446 999999999
179972848 999999999
180973973 999999999
181978300 999999999
182980634 999999999
183986159 135000000
184127186 143000000
184287384 154000000
184442786 164000000
184613052 179000000
184793644 193000000
184987220 211000000
185200309 237000000
185443860 262000000
185706719 297000000
186004699 344000000
186354304 417000000
186775568 501000000
187280354 649000000
188251852 967000000
189223632 999999999
190229924 999999999
191235516 999999999
192240317 999999999
193243100 999999999
194246627 136000000
194383316 143000000
194527780 155000000
194688307 166000000
194859151 180000000
195060052 194000000
195259514 215000000
195480483 236000000
195720580 265000000
195991138 306000000
196346716 349000000
196701551 415000000
197117193 525000000
197643118 666000000
198314908 999999999
199320489 999999999
200325746 999999999
201327008 999999999
202332908 999999999
203336425 999999999
204341043 137000000
204480655 144000000
204630185 155000000
204786907 166000000
204958466 181000000
205145360 196000000
205344177 215000000
205561896 241000000
205808489 267000000
206081353 309000000
206396226 353000000
206755107 421000000
207178609 535000000
207890784 684000000
208578695 999999999
209581083 999999999
210582521 999999999
211587721 999999999
212593714 999999999
213595566 999999999
214597895 137000000
214736532 145000000
214882855 156000000
215041269 167000000
215213752 183000000
215399592 197000000
215602119 219000000
215827038 240000000
216070660 270000000
216342004 313000000
216660116 358000000
217018668 428000000
217448933 547000000
218000153 702000000
218706428 999999999
219712951 999999999
220718840 999999999
221722859 999999999
222726401 999999999
223729304 999999999
224732402 138000000
224873544 146000000
225020280 157000000
225182926 168000000
225356574 184000000
225546702 199000000
225752186 218000000
225975680 246000000
226227757 273000000
226506587 317000000
226829422 363000000
227198376 435000000
227639078 558000000
228199025 722000000
228927093 999999999
229932942 999999999
230938787 999999999
231940708 999999999
232946860 999999999
233948776 131000000
234085479 138000000
234229744 147000000
234382238 158000000
234545960 169000000
234720553 185000000
234911584 200000000
235112736 220000000
235334876 248000000
235587358 276000000
235869443 315000000
236185927 375000000
236566840 443000000
237010546 571000000
237587548 742000000
238331592 999999999
239336726 999999999
240339656 999999999
241345240 999999999
242346418 999999999
243348720 131000000
243482953 139000000
243627676 147000000
243780354 159000000
243940126 170000000
244115591 186000000
244307279 202000000
244512077 222000000
244739648 250000000
244995619 279000000
245280753 319000000
245604624 381000000
245990759 451000000
246442812 583000000
247031795 764000000
247799577 999999999
248801073 999999999
249802038 999999999
250807730 999999999
251811852 999999999
252817182 132000000
252955246 140000000
253106943 149000000
253256574 159000000
253421203 173000000
253599818 186000000
253788278 205000000
253999104 224000000
254228886 250000000
254480961 282000000
254768610 329000000
255103683 379000000
255488449 458000000
255949466 597000000
256552318 787000000
257344421 999999999
258349985 999999999
259355641 999999999
260358340 999999999
261362548 999999999
262366477 133000000
262505197 140000000
262646142 149000000
262815009 161000000
262980214 173000000
263158807 189000000
263353680 205000000
263560447 226000000
263787228 255000000
264046061 285000000
264337156 327000000
264670072 392000000
265068027 467000000
265535643 611000000
266152564 812000000
266967881 999999999
267970545 999999999
268972915 999999999
269974053 999999999
270976821 999999999
271980901 133000000
272119741 141000000
272262702 151000000
272414828 161000000
272576834 175000000
272754852 189000000
272944965 207000000
273157593 231000000
273394545 255000000
273655672 288000000
273949309 332000000
274284097 398000000
274688198 475000000
275169186 606000000
275780916 874000000
276660882 999999999
277662372 999999999
278664179 999999999
279665138 999999999
280670936 999999999
281672415 134000000
281812083 142000000
281955112 152000000
282107852 162000000
282272878 176000000
282450505 190000000
282641215 210000000
282854628 208000000
283067608 260000000
283329952 296000000
283627466 342000000
283970753 336000000
284312889 495000000
284813780 641000000
285458478 621000000
286085408 999999999
287091114 999999999
288097176 999999999
289099200 999999999
290100515 999999999
291106316 121000000
291233082 135000000
291372496 143000000
291519194 164000000
291688132 163000000
291856879 193000000
292053997 212000000
292271496 210000000
292485242 263000000
292749714 299000000
293054416 346000000
293404974 340000000
293751570 504000000
294261436 657000000
294920839 636000000
295562471 999999999
296563995 999999999
297564965 999999999
298566642 999999999
299568057 999999999
300569652 122000000
300691879 135000000
300827292 154000000
300982068 153000000
301135415 179000000
301315190 177000000
301492827 214000000
301707476 212000000
301920698 265000000
302186060 302000000
302488848 351000000
302840877 345000000
303186338 514000000
303701065 674000000
304375329 652000000
305027693 999999999
306029423 999999999
307039694 999999999
308047477 999999999
309052051 999999999
310054672 122000000
310182333 136000000
310320659 143000000
310469180 155000000
310625565 180000000
310811133 179000000
311009365 194000000
311204374 239000000
311444448 269000000
311719020 265000000
311988995 355000000
312349870 424000000
312774485 415000000
313190772 689000000
313884090 669000000
314556220 999999999
315559919 999999999
316563243 999999999
317564931 999999999
318566889 999999999
319568267 123000000
319697312 145000000
319848075 144000000
319993281 167000000
320161617 166000000
320333424 198000000
320533846 217000000
320756440 215000000
320977277 271000000
321253907 268000000
321527855 360000000
321893621 431000000
322325355 422000000
322753295 708000000
323467044 686000000
324156188 999999999
325158860 999999999
326164664 999999999
327168616 999999999
328174350 999999999
329180192 124000000
329308683 146000000
329455399 145000000
329601430 168000000
329775018 167000000
329942797 199000000
330147243 197000000
330372473 243000000
330616643 274000000
330896097 270000000
331168782 365000000
331535598 439000000
331980084 429000000
332415171 728000000
333148459 705000000
333854659 999999999
334855527 999999999
335859110 999999999
336865327 999999999
337866391 999999999
338868156 124000000
338993414 147000000
339145919 146000000
339292541 170000000
339468054 168000000
339636729 201000000
339838861 199000000
340040572 246000000
340289092 277000000
340567802 273000000
340844408 317000000
341162959 445000000
341608982 560000000
342171375 752000000
342924857 999999999
343929586 999999999
344931751 999999999
345937554 999999999
346944721 999999999
347950645 118000000
348074323 131000000
348210969 138000000
348349684 148000000
348499260 171000000
348675845 169000000
348849761 202000000
349053517 223000000
349282057 221000000
349508931 280000000
349794867 321000000
350121953 376000000
350503898 454000000
350961650 444000000
351408232 771000000
352180318 999999999
353181621 999999999
354187561 999999999
355189051 999999999
356195070 999999999
357197028 118000000
357320713 131000000
357452434 148000000
357602909 147000000
357755719 159000000
357920893 186000000
358111217 204000000
358319503 202000000
358527382 250000000
358778577 283000000
359064953 325000000
359395518 320000000
359721390 461000000
360187984 452000000
360645995 794000000
361447124 999999999
362449964 999999999
363453648 999999999
364455276 999999999
365459222 999999999
366460469 119000000
366585238 132000000
366720292 140000000
366860874 160000000
367024346 159000000
367183903 188000000
367377545 186000000
367569472 227000000
367799656 253000000
368058304 250000000
368314199 329000000
368649342 387000000
369038564 470000000
369511599 459000000
369971624 819000000
370792467 999999999
371798346 999999999
372804649 999999999
373810025 999999999
374815668 999999999
375821551 119000000
375944698 133000000
376078140 140000000
376221255 150000000
376376974 174000000
376553495 189000000
376748252 188000000
376939266 229000000
377169523 256000000
377426615 252000000
377679776 333000000
378013922 393000000
378413472 479000000
378898558 613000000
379517430 594000000
380117424 999999999
381121869 999999999
382127890 999999999
383132728 999999999
384135291 999999999
385138531 120000000
385264548 133000000
385400027 151000000
385553933 150000000
385709841 175000000
385885769 174000000
386064299 209000000
386273992 231000000
386506691 228000000
386741241 292000000
387039169 338000000
387377744 332000000
387715702 487000000
388206228 627000000
388839329 608000000
389453383 999999999
390459138 999999999
391465830 999999999
392470362 999999999
393472116 999999999
394478023 121000000
394604841 134000000
394740295 152000000
394893772 151000000
395045800 176000000
395227261 175000000
395406138 210000000
395621685 208000000
395831727 260000000
396092604 296000000
396394438 342000000
396742201 336000000
397084093 496000000
397586013 643000000
398234735 623000000
398863547 999999999
399869360 999999999
400875248 999999999
401877054 999999999
402882443 999999999
403888409 121000000
404012606 135000000
404153177 153000000
404311676 152000000
404469346 178000000
404652824 176000000
404834592 212000000
405047260 235000000
405287841 232000000
405521916 299000000
405826840 347000000
406175204 341000000
406588925 506000000
407098173 659000000
407762923 638000000
408402706 999999999
409406681 999999999
410412502 999999999
411417900 999999999
412419256 999999999
413421852 122000000
413549465 135000000
413688614 144000000
413834837 165000000
414005342 164000000
414170793 195000000
414367142 193000000
414582539 237000000
414824867 266000000
415093378 303000000
415397742 351000000
415754422 418000000
416175289 410000000
416591535 674000000
417271273 654000000
417927579 999999999
418933569 999999999
419939307 999999999
420940930 999999999
421946710 999999999
422952852 122000000
423076212 136000000
423213085 155000000
423371802 154000000
423530056 180000000
423715527 179000000
423900190 216000000
424116861 239000000
424360158 237000000
424603050 306000000
424911100 356000000
425272890 425000000
425703388 416000000
426122409 692000000
426820074 671000000
427496908 999999999
428498803 999999999
429500876 999999999
430503489 999999999
431507870 999999999
432513623 123000000
432641691 145000000
432792169 144000000
432938808 168000000
433112377 166000000
433279709 198000000
433481865 196000000
433683561 241000000
433930249 272000000
434205911 268000000
434475149 361000000
434837844 432000000
435272831 423000000
435700921 711000000
436417628 689000000
437112388 999999999
438118484 999999999
439123035 999999999
440125433 999999999
441127523 999999999
442130839 124000000
442260644 138000000
442404013 157000000
442566582 155000000
442722844 183000000
442908076 200000000
443113625 198000000
443336526 244000000
443582339 275000000
443858391 271000000
444133256 314000000
444449274 439000000
444890828 550000000
445445020 733000000
446179652 707000000
446888258 999999999
447889867 999999999
448895683 999999999
449899323 999999999
450902392 999999999
451905811 124000000
452031277 147000000
452178903 146000000
452326146 170000000
452497258 168000000
452668512 201000000
452869927 199000000
453074449 246000000
453326283 277000000
453604983 318000000
453923632 313000000
454238397 446000000
454689660 437000000
455132589 752000000
455890266 999999999
456893071 999999999
457897527 999999999
458903348 999999999
459908548 999999999
460912451 118000000
461035944 131000000
461167621 148000000
461317009 147000000
461466702 171000000
461638745 170000000
461814141 202000000
462021913 223000000
462247799 221000000
462474780 280000000
462760809 322000000
463088510 316000000
463410644 454000000
463870312 445000000
464321322 774000000
465096292 999999999
466098835 999999999
467100343 999999999
468103530 999999999
469109529 999999999
470111208 118000000
470245855 131000000
470377856 139000000
470517252 159000000
470681167 158000000
470840188 187000000
471031052 185000000
471221579 225000000
471448993 251000000
471700929 284000000
471986180 280000000
472269437 382000000
472652344 463000000
473116939 453000000
473573926 798000000
474374316 999999999
475379073 999999999
476379968 999999999
477380837 999999999
478383399 999999999
479384120 119000000
479505424 132000000
479638795 149000000
479788756 148000000
479942548 173000000
480119281 172000000
480313685 206000000
480525436 227000000
480755563 225000000
480983525 286000000
481275269 330000000
481606749 324000000
481931809 470000000
482407543 461000000
482874522 823000000
483703539 999999999
484707171 999999999
485711148 999999999
486717501 999999999
487722328 999999999
488724057 119000000
488848745 133000000
488986353 150000000
489139723 149000000
489289304 174000000
489468829 173000000
489642727 207000000
489851303 229000000
490086066 227000000
490318100 289000000
490612912 334000000
490952609 328000000
491286589 479000000
491771756 615000000
492391647 596000000
493246553 999999999
494248578 999999999
495250312 999999999
496253784 999999999
497256859 999999999
498258155 120000000
498380970 133000000
498519890 141000000
498665841 162000000
498828992 161000000
498993557 191000000
499184983 189000000
499379008 231000000
499615789 259000000
499876240 293000000
500170013 289000000
500464442 399000000
500869292 489000000
501362214 629000000
501992120 610000000
502603054 999999999
503608793 999999999
504609995 999999999
505614583 999999999
506620875 999999999
507624821 121000000
507751479 134000000
507891063 142000000
508033826 163000000
508200709 162000000
508364435 192000000
508561967 191000000
508758857 233000000
508995999 261000000
509257669 296000000
509558451 292000000
509857081 405000000
510267962 499000000
510767911 645000000
511413965 625000000
512040567 999999999
513042338 999999999
514043360 999999999
515048475 999999999
516049688 999999999
517055788 121000000
517182591 135000000
517319540 143000000
517463673 164000000
517629922 163000000
517798646 194000000
517998817 192000000
518192424 235000000
518433047 264000000
518699317 300000000
519001684 347000000
519354143 341000000
519701066 507000000
520210380 661000000
520851896 640000000
521493545 999999999
522497814 999999999
523501114 999999999
524505680 999999999
525510262 999999999
526516235 122000000
526643888 135000000
526782986 144000000
526942707 153000000
527096844 166000000
527280654 178000000
527462228 214000000
527681933 212000000
527899847 266000000
528168966 303000000
528478241 352000000
528836084 419000000
529260887 411000000
529673144 676000000
530350440 656000000
531010819 999999999
532011589 999999999
533016752 999999999
534020532 999999999
535023633 999999999
536026596 123000000
536155274 136000000
536305202 155000000
536465740 154000000
536622551 180000000
536803513 197000000
537005726 195000000
537206512 240000000
537447704 269000000
537722285 266000000
537994388 356000000
538356369 426000000
538788399 417000000
539211637 694000000
539908359 673000000
540582069 999999999
541583399 999999999
542589226 999999999
543593174 999999999
544595237 999999999
545597853 123000000
545727162 137000000
545877339 156000000
546038660 155000000
546194294 182000000
546379322 180000000
546560676 218000000
546781249 216000000
547003198 272000000
547272799 311000000
547589866 362000000
547957866 433000000
548391638 424000000
548821433 713000000
549535316 691000000
550540127 999999999
551546124 999999999
552551686 999999999
553556727 999999999
554561152 999999999
555567069 124000000
555697031 146000000
555848854 145000000
555998408 169000000
556168762 167000000
556337024 200000000
556537622 220000000
556759524 217000000
556978350 275000000
557258994 271000000
557579557 366000000
557949289 441000000
558396115 431000000
558833054 733000000
559571723 710000000
560287536 999999999
561289074 999999999
562290303 999999999
563291754 999999999
