0 4096
304335 0
328919 4096
517551 8192
618704 4096
724412 8192
935415 4096
944592 8192
1193053 12288
1246050 8192
1476083 12288
1561274 8192
1795157 12288
1874263 8192
2159893 12288
2182252 8192
2495242 4096
2597710 8192
2813241 4096
3122423 0
3146398 4096
3434382 0
3876263 4096
4060412 0
4878405 4096
4999200 0
5049622 4096
5236910 8192
5317188 4096
5443275 8192
5627137 4096
5663537 8192
5912385 12288
5938345 8192
6195020 12288
6251222 8192
6514317 12288
6564254 8192
6879427 4096
6880073 8192
7192920 4096
7318946 8192
7503312 4096
7818983 0
7866071 4096
8134244 0
8597337 4096
8758537 0
9597650 4096
9699196 0
9768789 4096
9956653 8192
10009218 4096
10163468 8192
10325471 4096
10388494 8192
10633325 4096
10633529 8192
10916244 12288
10946448 8192
11196464 12288
11259814 8192
11573311 4096
11573619 8192
11890361 4096
12021735 8192
12199560 4096
12516376 0
12588535 4096
12829460 0
13320986 4096
13455376 0
14323082 4096
14390403 0
14483671 4096
14669448 8192
14702507 4096
14857764 8192
15018110 4096
15080556 8192
15328838 4096
15329151 8192
15577978 12288
15642186 8192
15858140 12288
15959338 8192
16230134 12288
16267242 8192
16585345 4096
16683008 8192
16898404 4096
17206586 0
17230577 4096
17524709 0
17963195 4096
18150333 0
18964294 4096
19089373 0
19125903 4096
19314928 8192
19397452 4096
19503291 8192
19710428 4096
19727759 8192
19979580 12288
20023428 8192
20227872 12288
20341345 8192
20550653 12288
20653584 8192
20927938 12288
20962625 8192
21280333 4096
21380686 8192
21593427 4096
21906364 0
21927741 4096
22219460 0
22654991 4096
22845366 0
23657416 4096
23784369 0
23814061 4096
24003830 8192
24093292 4096
24191484 8192
24410410 4096
24413225 8192
24661944 12288
24723235 8192
24906066 12288
25036363 8192
25225459 12288
25349341 8192
25602535 12288
25657872 8192
25975467 4096
26054009 8192
26288362 4096
26601385 0
26602889 4096
26911500 0
27334808 4096
27540409 0
28336243 4096
28479466 0
28492270 4096
28681975 8192
28792406 4096
28886995 8192
29105483 4096
29108887 8192
29360584 12288
29416370 8192
29609532 12288
29731377 8192
29930470 12288
30041283 8192
30302375 12288
30353659 8192
30666254 4096
30755176 8192
30983334 4096
31296414 0
31302698 4096
31609421 0
32030741 4096
32235435 0
33034256 4096
33174422 0
33191333 4096
33377052 8192
33487393 4096
33564808 8192
33791637 12288
33795215 8192
34013303 12288
34113301 8192
34291991 12288
34426394 8192
34612316 12288
34735059 8192
34989427 12288
35052184 8192
35360873 4096
35442441 8192
35675966 4096
35991550 0
35992444 4096
36304409 0
36725241 4096
36930482 0
37728529 4096
37869432 0
37888307 4096
38077990 8192
38177524 4096
38281120 8192
38495770 4096
38503097 8192
38750329 12288
38803515 8192
38999216 12288
39121374 8192
39322400 12288
39434348 8192
39699184 12288
39744380 8192
40057420 4096
40152423 8192
40369352 4096
40686442 0
40701347 4096
40999378 0
41430898 4096
41625411 0
42436521 4096
42564367 0
42592080 4096
42781874 8192
42877349 4096
42964524 8192
43187649 4096
43187892 8192
43412873 12288
43498981 8192
43664660 12288
43816384 8192
43948016 12288
44124764 8192
44266739 12288
44442429 8192
44633140 12288
44755368 8192
45065944 4096
45071761 8192
45377435 4096
45690245 0
45832144 4096
46007429 0
46836401 4096
46946356 0
47838898 4096
47880262 0
48014506 4096
48198381 0
48199521 4096
48404237 8192
48511398 4096
48631020 8192
48824531 4096
48878914 8192
49133716 4096
49154712 8192
49450397 4096
49468949 8192
49761993 4096
49838858 8192
50071305 4096
50282219 8192
50389303 4096
50698335 0
50834229 4096
51010509 0
51840341 4096
51949514 0
52841628 4096
52890695 0
53017421 4096
53203671 0
53203889 4096
53407321 8192
53519351 4096
53607073 8192
53827547 4096
53827936 8192
54079987 12288
54141158 8192
54356109 12288
54453774 8192
54674198 12288
54767132 8192
55080029 4096
55121070 8192
55394979 4096
55668134 8192
55705953 4096
56019522 0
56400269 4096
56645495 0
57404045 4096
57579948 8192
57583207 4096
57751755 8192
57898806 4096
57936283 8192
58161029 12288
58210860 8192
58380594 12288
58527328 8192
58629414 12288
58840445 8192
58950233 12288
59153413 8192
59327577 12288
59466326 8192
59779384 4096
59780534 8192
60092424 4096
60404082 0
60541531 4096
60718417 0
61276622 4096
61340088 0
62278988 4096
62440120 8192
62596433 4096
62611406 8192
62815320 12288
62909338 8192
63022041 12288
63217759 8192
63244894 12288
63525299 16384
63530486 12288
63805308 16384
63843391 12288
64124404 16384
64156200 12288
64470195 8192
64576377 12288
64787266 8192
65097438 4096
65126794 8192
65411835 4096
65725155 0
65861939 4096
66023333 8192
66034757 4096
66184164 8192
66348083 4096
66354198 8192
66560573 12288
66662813 8192
66765372 12288
66973581 8192
66985931 12288
67268639 16384
67286721 12288
67548682 16384
67602559 12288
67865617 16384
67912191 12288
68230387 8192
68313840 12288
68543470 8192
68854182 4096
68862305 8192
69168427 4096
69477320 0
69597205 4096
69795392 0
70601671 4096
70734413 0
70772200 4096
70962146 8192
71043362 4096
71149784 8192
71354782 12288
71355525 8192
71581711 12288
71670466 8192
71830589 12288
71986339 8192
72151347 12288
72299343 8192
72523637 12288
72610718 8192
72920828 4096
72974258 8192
73238411 4096
73524253 8192
73546779 4096
73864479 0
74256490 4096
74486281 0
75258709 4096
75429485 0
75430457 4096
75620171 8192
75742353 4096
75807665 8192
76009941 12288
76051106 8192
76236774 12288
76363793 8192
76485456 12288
76681305 8192
76808581 12288
76992957 8192
77182892 12288
77303838 8192
77619930 4096
77633630 8192
77931838 4096
78183095 8192
78241285 4096
78559413 0
78910245 4096
79183305 0
79915003 4096
80087692 8192
80119669 4096
80261437 8192
80437411 4096
80445419 8192
80670538 12288
80745948 8192
80895606 12288
81063373 8192
81143321 12288
81376357 8192
81461384 12288
81687344 8192
81833903 12288
82002358 8192
82277346 12288
82311952 8192
82627463 4096
82844015 8192
82937230 4096
83252464 0
83576207 4096
83876841 0
84580776 4096
84756494 8192
84815171 4096
84930194 8192
85117974 12288
85127282 8192
85324799 12288
85445326 8192
85549437 12288
85758380 8192
85832266 12288
86070826 8192
86154136 12288
86381628 8192
86530168 12288
86697397 8192
86978412 12288
87006920 8192
87320685 4096
87540535 8192
87633926 4096
87949317 0
88272323 4096
88575414 0
89275432 4096
89451149 8192
89514280 4096
89624912 8192
89809103 12288
89822970 8192
90012685 12288
90140317 8192
90237289 12288
90453090 8192
90516684 12288
90766381 8192
90840467 12288
91078591 8192
91217404 12288
91392463 8192
91670643 12288
91700507 8192
92015260 4096
92237775 8192
92331323 4096
92644400 0
92970212 4096
93129047 8192
93270412 4096
93286927 8192
93460593 12288
93583340 8192
93646415 12288
93851040 16384
93892243 12288
94077940 16384
94209390 12288
94327011 16384
94522418 12288
94650317 16384
94835555 12288
95024176 16384
95148374 12288
95457952 8192
95474376 12288
95774554 8192
96022513 12288
96085543 8192
96395297 4096
96710961 0
96751325 4096
96911901 8192
97022712 4096
97086956 8192
97257730 12288
97337347 8192
97447572 12288
97647296 8192
97648144 12288
97899641 16384
97965270 12288
98147120 16384
98278386 12288
98427273 16384
98591393 12288
98804234 16384
98899850 12288
99212747 8192
99251747 12288
99528348 8192
99800892 12288
99838900 8192
100151906 4096
100464957 0
100529018 4096
100689379 8192
100777960 4096
100860867 8192
101030097 12288
101091267 8192
101219477 12288
101404088 8192
101419709 12288
101667115 16384
101716166 12288
101910629 16384
102029205 12288
102184962 16384
102342188 12288
102557425 16384
102655183 12288
102968225 8192
103006061 12288
103286326 8192
103557668 12288
103595685 8192
103912462 4096
104220717 0
104289695 4096
104450331 8192
104534025 4096
104621630 8192
104796032 12288
104848776 8192
104985702 12288
105164324 8192
105190573 12288
105439555 16384
105472534 12288
105684517 16384
105786505 12288
105962241 16384
106101376 12288
106336404 16384
106411214 12288
106729735 8192
106787585 12288
107042403 8192
107338001 12288
107350976 8192
107668160 4096
107981369 0
108074002 4096
108234803 8192
108290363 4096
108410523 8192
108585121 12288
108602709 8192
108774899 12288
108920383 8192
108979176 12288
109229395 8192
109229692 12288
109474497 16384
109544318 12288
109754607 16384
109859366 12288
110078769 16384
110172293 12288
110454843 16384
110481598 12288
110795055 8192
110895075 12288
111111599 8192
111423295 4096
111655577 8192
111732264 4096
112045407 0
112662050 4096
112671287 0
112836380 4096
112987656 0
113021362 4096
113205546 8192
113298003 4096
113412664 8192
113612411 4096
113634383 8192
113886201 12288
113924587 8192
114168957 12288
114237412 8192
114487963 12288
114553544 8192
114862590 4096
114862865 8192
115180382 4096
115305349 8192
115493422 4096
115806524 0
116066141 4096
116117227 0
117066921 4096
117227948 8192
117371416 4096
117398688 8192
117588564 12288
117684389 8192
117772078 12288
117997346 8192
117998340 12288
118222201 16384
118310234 12288
118474367 16384
118621339 12288
118754250 16384
118936446 12288
119073114 16384
119249313 12288
119525909 16384
119557217 12288
119873920 8192
120093124 12288
120183811 8192
120500217 4096
120810163 0
120822610 4096
120996100 8192
121127414 4096
121165311 8192
121353172 12288
121435407 8192
121538127 12288
121741544 16384
121748387 12288
121968623 16384
122064191 12288
122220583 16384
122379341 12288
122500221 16384
122687541 12288
122877170 16384
123000527 12288
123316199 8192
123327315 12288
123627877 8192
123879335 12288
123943793 8192
124254898 4096
124570423 0
124607149 4096
124767745 8192
124883371 4096
124942717 8192
125130618 12288
125196236 8192
125319400 12288
125509398 8192
125524379 12288
125749107 16384
125819905 12288
125996212 16384
126135312 12288
126276239 16384
126448354 12288
126591116 16384
126761547 12288
127040263 16384
127069214 12288
127382607 8192
127604830 12288
127700276 8192
128013565 4096
128326441 0
128333194 4096
128509026 8192
128639335 4096
128679264 8192
128866945 12288
128952296 8192
129053946 12288
129261220 8192
129261568 12288
129485530 16384
129573367 12288
129735079 16384
129887050 12288
130012494 16384
130204405 12288
130331262 16384
130516332 12288
130783228 16384
130827720 12288
131143418 8192
131345726 12288
131456308 8192
131769519 4096
132077477 0
132077732 4096
132239205 8192
132395408 4096
132410789 8192
132594328 12288
132708313 8192
132779036 12288
132981448 16384
133016238 12288
133208909 16384
133334345 12288
133455916 16384
133647537 12288
133735696 16384
133960430 12288
134112963 16384
134273441 12288
134563036 16384
134581332 12288
134899398 8192
135129340 12288
135209512 8192
135521992 4096
135838536 0
135856768 4096
136032438 8192
136151498 4096
136203169 8192
136387924 12288
136460038 8192
136576644 12288
136777500 8192
136778894 12288
137003182 16384
137089512 12288
137254970 16384
137403401 12288
137534966 16384
137712697 12288
137853867 16384
138025600 12288
138305021 16384
138339044 12288
138655058 8192
138867068 12288
138968329 8192
139279254 4096
139593717 0
139594591 4096
139765118 8192
139907393 4096
139933569 8192
140121299 12288
140220362 8192
140306106 12288
140511001 16384
140528320 12288
140738245 16384
140846340 12288
140990288 16384
141159408 12288
141270171 16384
141472396 12288
141647557 16384
141785377 12288
142096917 8192
142097787 12288
142408119 8192
142646157 12288
142721048 8192
143033602 4096
143348360 0
143378398 4096
143539133 8192
143662285 4096
143710083 8192
143897793 12288
143971884 8192
144086574 12288
144287847 8192
144288708 12288
144512793 16384
144597876 12288
144765063 16384
144912337 12288
145045045 16384
145226609 12288
145359347 16384
145539586 12288
145810380 16384
145849735 12288
146163272 8192
146377604 12288
146477299 8192
146789966 4096
147104641 0
147105397 4096
147281372 8192
147417555 4096
147452651 8192
147635909 12288
147732243 8192
147820071 12288
148026862 16384
148040670 12288
148254071 16384
148358331 12288
148506140 16384
148666958 12288
148830319 16384
148984394 12288
149207431 16384
149296795 12288
149610473 8192
149657467 12288
149923447 8192
150207454 12288
150231883 8192
150546271 4096
150858119 0
150937206 4096
151096990 8192
151175301 4096
151271481 8192
151459147 12288
151484340 8192
151647998 12288
151801382 8192
151850598 12288
152075158 16384
152109216 12288
152323396 16384
152427308 12288
152598921 16384
152740329 12288
152918195 16384
153053417 12288
153364555 8192
153365564 12288
153679616 8192
153912833 12288
153987309 8192
154303645 4096
154615963 0
154639868 4096
154800833 8192
154931646 4096
154972094 8192
155160157 12288
155244279 8192
155348631 12288
155554677 8192
155555622 12288
155780336 16384
155866090 12288
156032661 16384
156180031 12288
156313406 16384
156494828 12288
156629459 16384
156805949 12288
157081284 16384
157117456 12288
157435367 8192
157646565 12288
157748275 8192
158057132 4096
158370254 0
158374194 4096
158544738 8192
158687394 4096
158717888 8192
158902261 12288
158997485 8192
159086364 12288
159293214 16384
159308275 12288
159520176 16384
159626344 12288
159772184 16384
159939437 12288
160052419 16384
160248865 12288
160429194 16384
160565390 12288
160874128 8192
160878416 12288
161187589 8192
161430155 12288
161500648 8192
161817381 4096
162126003 0
162157465 4096
162318820 8192
162443437 4096
162489840 8192
162672403 12288
162756614 8192
162861156 12288
163066957 8192
163067777 12288
163292390 16384
163380571 12288
163544248 16384
163694775 12288
163824880 16384
164004142 12288
164143099 16384
164322066 12288
164590113 16384
164629381 12288
164947407 8192
165154760 12288
165260344 8192
165569885 4096
165882957 0
165883673 4096
166059301 8192
166195809 4096
166228085 8192
166412348 12288
166512371 8192
166601052 12288
166804223 16384
166820312 12288
167026837 16384
167138338 12288
167276661 16384
167446499 12288
167554889 16384
167762570 12288
167932230 16384
168077426 12288
168383507 16384
168385241 12288
168703473 8192
168947263 12288
169016288 8192
169328213 4096
169642531 0
169674301 4096
169844703 8192
169954680 4096
170014681 8192
170202286 12288
170266163 8192
170390979 12288
170580632 8192
170593264 12288
170818710 16384
170893322 12288
171070708 16384
171207417 12288
171350818 16384
171520332 12288
171669923 16384
171829283 12288
172121778 16384
172141349 12288
172457928 8192
172687582 12288
172771318 8192
173085366 4096
173398367 0
173418222 4096
173594145 8192
173711343 4096
173764610 8192
173948057 12288
174024253 8192
174136731 12288
174335206 8192
174338388 12288
174558409 16384
174650444 12288
174806517 16384
174961145 12288
175081329 16384
175272567 12288
175400257 16384
175584896 12288
175852276 16384
175899269 12288
176212813 8192
176419272 12288
176528672 8192
176836965 4096
177148154 8192
177149310 4096
177309137 8192
177462642 4096
177481109 8192
177664217 12288
177780369 8192
177849588 12288
178054471 16384
178089569 12288
178281265 16384
178403741 12288
178533166 16384
178719434 12288
178812913 16384
179032123 12288
179185916 16384
179340516 12288
179629446 16384
179653213 12288
179969643 8192
180191567 12288
180280819 8192
180596338 4096
180907923 0
180921314 4096
181096748 8192
181223345 4096
181267107 8192
181455377 12288
181535476 8192
181643015 12288
181844640 8192
181846477 12288
182067634 16384
182158228 12288
182315038 16384
182472011 12288
182595035 16384
182783666 12288
182914054 16384
183096829 12288
183362911 16384
183413049 12288
183726583 8192
183930376 12288
184040340 8192
184351894 4096
184660950 8192
184661600 4096
184822255 8192
184979333 4096
184991549 8192
185175693 12288
185289916 8192
185359355 12288
185564134 16384
185600206 12288
185791439 16384
185915960 12288
186043337 16384
186231373 12288
186321647 16384
186539293 12288
186698545 16384
186854300 12288
187146839 16384
187165911 12288
187480347 8192
187713891 12288
187796227 8192
188106299 4096
188418054 0
188720807 4096
188730682 0
188897136 4096
189044703 0
189082582 4096
189270933 8192
189360000 4096
189455114 8192
189655487 12288
189670046 8192
189882279 12288
189987353 8192
190134171 12288
190296140 8192
190414314 12288
190608297 8192
190791335 12288
190922563 8192
191237260 4096
191239306 8192
191551312 4096
191791250 8192
191860928 4096
192174638 0
192523353 4096
192800873 0
193524997 4096
193699655 8192
193738307 4096
193890039 8192
194054821 4096
194073978 8192
194274262 12288
194369295 8192
194499991 12288
194680286 8192
194744961 12288
194991153 8192
195019968 12288
195307196 8192
195396841 12288
195621414 8192
195850249 12288
195929617 8192
196245001 4096
196417768 8192
196560340 4096
196871337 0
197150189 4096
197183076 0
197311076 4096
197482694 8192
197499378 4096
197668430 8192
197812338 4096
197852914 8192
198057671 12288
198124357 8192
198279673 12288
198437411 8192
198528681 12288
198751270 8192
198805914 12288
199059199 8192
199178999 12288
199374289 8192
199627885 12288
199686922 8192
199999477 4096
200194954 8192
200316336 4096
200629452 0
200927433 4096
200937901 0
201088533 4096
201254978 0
201257183 4096
201445096 8192
201568346 4096
201633567 8192
201838249 12288
201876703 8192
202065122 12288
202194403 8192
202317109 12288
202507491 8192
202596971 12288
202820469 8192
202971830 12288
203133385 8192
203420352 12288
203442142 8192
203759433 4096
203987488 8192
204072249 4096
204384667 0
204719772 4096
204879576 8192
205011374 4096
205051230 8192
205241340 12288
205321563 8192
205429469 12288
205637131 8192
205637360 12288
205864091 16384
205945284 12288
206143871 16384
206260635 12288
206423596 16384
206576346 12288
206742644 16384
206889324 12288
207189879 16384
207198024 12288
207515365 8192
207742664 12288
207828294 8192
208141455 4096
208450914 0
208474935 4096
208650686 8192
208767350 4096
208821781 8192
209009656 12288
209075478 8192
209195005 12288
209393447 8192
209398467 12288
209622990 16384
209702332 12288
209875055 16384
210019386 12288
210155125 16384
210332455 12288
210473992 16384
210644698 12288
210926467 16384
210953352 12288
211266274 8192
211489399 12288
211584300 8192
211894580 4096
212206321 0
212217787 4096
212393402 8192
212523387 4096
212562926 8192
212750610 12288
212833914 8192
212939213 12288
213141212 16384
213144751 12288
213368130 16384
213462336 12288
213620095 16384
213775427 12288
213900099 16384
214088405 12288
214277201 16384
214399514 12288
214714535 8192
214724986 12288
215027470 8192
215277046 12288
215340239 8192
215653412 4096
215966577 0
216004496 4096
216165147 8192
216279381 4096
216340905 8192
216527388 12288
216588979 8192
216716069 12288
216904598 8192
216919021 12288
217143947 16384
217218265 12288
217396087 16384
217531363 12288
217676304 16384
217843674 12288
217995208 16384
218157454 12288
218443797 16384
218466047 12288
218778572 8192
219011376 12288
219092008 8192
219405169 4096
219722466 0
219739085 4096
219914802 8192
220035325 4096
220083662 8192
220271448 12288
220344639 8192
220455319 12288
220657326 8192
220657605 12288
220883860 16384
220974377 12288
221135741 16384
221287417 12288
221415821 16384
221600372 12288
221734794 16384
221913472 12288
222187355 16384
222221224 12288
222539340 8192
222753069 12288
222852331 8192
223164055 4096
223477445 0
223480668 4096
223656462 8192
223791421 4096
223825725 8192
224013660 12288
224104313 8192
224198339 12288
224405539 16384
224412267 12288
224629392 16384
224730336 12288
224881322 16384
225041690 12288
225161016 16384
225354739 12288
225533388 16384
225665363 12288
225982408 8192
225983149 12288
226292853 8192
226530394 12288
226606920 8192
226921425 4096
227231555 0
227258862 4096
227419382 8192
227547422 4096
227590377 8192
227778156 12288
227860287 8192
227966917 12288
228170936 8192
228171814 12288
228396527 16384
228483299 12288
228648422 16384
228796373 12288
228923804 16384
229112401 12288
229242644 16384
229421697 12288
229692865 16384
229734719 12288
230047844 8192
230255824 12288
230364407 8192
230672369 4096
230987618 0
230987945 4096
231161721 8192
231303445 4096
231330817 8192
231514572 12288
231616286 8192
231698722 12288
231905450 16384
231925475 12288
232132647 16384
232238000 12288
232384588 16384
232555358 12288
232664539 16384
232865393 12288
233038460 16384
233181393 12288
233491606 8192
233491920 12288
233804875 8192
234044047 12288
234118281 8192
234432128 4096
234742329 0
234773065 4096
234933440 8192
235059314 4096
235106820 8192
235293062 12288
235367934 8192
235476945 12288
235683412 8192
235683663 12288
235935444 16384
235998235 12288
236187657 16384
236311371 12288
236467198 16384
236621315 12288
236783117 16384
236937409 12288
237230792 16384
237245970 12288
237563376 8192
237779480 12288
237872477 8192
238189410 4096
238499082 0
238508488 4096
238681189 8192
238811050 4096
238850071 8192
239037752 12288
239128285 8192
239222392 12288
239429068 16384
239436240 12288
239656399 16384
239754379 12288
239908132 16384
240063980 12288
240188028 16384
240377296 12288
240559980 16384
240688307 12288
241002274 8192
241009251 12288
241315508 8192
241627156 4096
241940143 0
