0 4096
308061 0
324256 4096
442386 8192
533294 12288
612316 16384
615733 12288
685754 16384
745811 20480
801288 24576
860602 28672
918862 32768
928711 28672
975056 32768
1035831 36864
1102808 40960
1179182 45056
1242605 40960
1263219 45056
1401449 49152
1558677 45056
1602967 49152
1872905 45056
2105207 49152
2181838 45056
2498941 40960
2610969 45056
2807903 40960
3113844 45056
3119857 40960
3437370 36864
3614862 40960
3750888 36864
4060116 32768
4119736 36864
4373966 32768
4621654 36864
4685070 32768
5000206 28672
5122669 32768
5313105 28672
5624553 24576
5624841 28672
5942007 24576
6126258 28672
6254909 24576
6567944 20480
6880872 16384
7128895 20480
7191767 16384
7506877 12288
7800525 16384
7815132 12288
7985294 16384
8132963 12288
8133264 16384
8261199 20480
8369703 24576
8442523 20480
8465209 24576
8560621 28672
8647226 32768
8733819 36864
8754996 32768
8825483 36864
8947861 40960
9066929 36864
9084102 40960
9339758 45056
9379740 40960
9696913 36864
9740515 40960
10006892 36864
10323953 32768
10635660 28672
10746706 32768
10945377 28672
11262939 24576
11572472 20480
11753224 24576
11888900 20480
12202028 16384
12513204 12288
12759845 16384
12822938 12288
13140930 8192
13265769 12288
13437689 16384
13448820 12288
13568207 16384
13668727 20480
13752577 24576
13762335 20480
13834303 24576
13913604 28672
13989983 32768
14061482 36864
14075249 32768
14138148 36864
14229581 40960
14330261 45056
14392787 40960
14447765 45056
14700490 49152
14700935 45056
15019044 40960
15206784 45056
15329177 40960
15641931 36864
15711788 40960
15954602 36864
16217582 40960
16267141 36864
16583876 32768
16723633 36864
16896923 32768
17210050 28672
17224637 32768
17523040 28672
17730764 32768
17835923 28672
18143842 24576
18232435 28672
18462008 24576
18734469 28672
18771799 24576
19085099 20480
19400619 16384
19710094 12288
19735817 16384
20027635 12288
20335911 8192
20407621 12288
20594602 16384
20651443 12288
20729135 16384
20834577 20480
20925451 24576
20961002 20480
21007078 24576
21085349 28672
21160400 32768
21236669 36864
21274283 32768
21314563 36864
21409815 40960
21520180 45056
21586729 40960
21650623 45056
21901371 40960
21937362 45056
22217590 40960
22526074 36864
22605255 40960
22842635 36864
23152222 32768
23277721 36864
23468138 32768
23781724 28672
23949924 32768
24091815 28672
24407138 24576
24620966 28672
24716749 24576
25034856 20480
25293186 24576
25342915 20480
25655831 16384
25973918 12288
26282644 8192
26295695 12288
26586521 16384
26595258 12288
26736340 16384
26866666 20480
26908957 16384
26976974 20480
27067895 24576
27153863 28672
27225774 24576
27236360 28672
27324776 32768
27413144 36864
27504883 40960
27534276 36864
27599909 40960
27747355 45056
27848608 40960
27929706 45056
28160627 40960
28473421 36864
28789569 32768
28936571 36864
29102128 32768
29412077 28672
29726302 24576
29943474 28672
30042841 24576
30353894 20480
30664902 16384
30946880 20480
30979484 16384
31289855 12288
31607876 8192
31916260 4096
31948861 8192
32107414 12288
32223817 16384
32228928 12288
32319459 16384
32398927 20480
32470313 24576
32532904 28672
32542303 24576
32598288 28672
32661164 32768
32724852 36864
32789781 40960
32855656 36864
32858854 40960
32949835 45056
33060365 49152
33172601 45056
33198753 49152
33485935 45056
33700986 49152
33794114 45056
34110885 40960
34202560 45056
34424931 40960
34708283 45056
34732979 40960
35046567 36864
35214734 40960
35359696 36864
35676982 32768
35716680 36864
35985351 32768
36220903 36864
36298990 32768
36613934 28672
36728061 32768
36927747 28672
37233307 32768
37237397 28672
37550341 24576
37739564 28672
37867833 24576
38176924 20480
38244544 24576
38489082 20480
38802986 16384
39120349 12288
39251190 16384
39430901 12288
39741078 8192
39753010 12288
39924671 16384
40055598 12288
40055805 16384
40166604 20480
40250619 24576
40327259 28672
40366985 24576
40401565 28672
40478593 32768
40555599 36864
40636418 40960
40681199 36864
40722889 40960
40848257 45056
40997873 40960
41002055 45056
41307395 40960
41507793 45056
41624243 40960
41933062 36864
42246019 32768
42514608 36864
42558139 32768
42872232 28672
43185918 24576
43501464 20480
43520474 24576
43811504 20480
44123649 16384
44437313 12288
44526152 16384
44749761 12288
45028301 16384
45061768 12288
45256151 16384
45374755 12288
45398797 16384
45509308 20480
45599795 24576
45688106 20480
45688314 24576
45769780 28672
45851295 32768
45928336 36864
46001564 32768
46010537 36864
46127315 40960
46243728 45056
46316343 40960
46382300 45056
46630492 40960
46716271 45056
46944947 40960
47256596 36864
47571002 32768
47722864 36864
47883936 32768
48195187 28672
48509966 24576
48729369 28672
48818221 24576
49136115 20480
49448491 16384
49732018 20480
49758755 16384
50073927 12288
50385570 8192
50699004 4096
50734896 8192
50893240 12288
51009920 8192
51010170 12288
51105641 16384
51178604 20480
51241834 24576
51301455 28672
51322021 24576
51360130 28672
51423323 32768
51482525 36864
51547223 40960
51616586 45056
51634776 40960
51692144 45056
51802522 49152
51941008 49152
51947750 45056
52146971 49152
52265846 45056
52578997 40960
52652905 45056
52889747 40960
53155953 45056
53201262 40960
53517997 36864
53662020 40960
53827844 36864
54140894 32768
54167804 36864
54457091 32768
54673622 36864
54768084 32768
55082969 28672
55174741 32768
55395811 28672
55679951 32768
55703739 28672
56018209 24576
56186072 28672
56333512 24576
56647993 20480
56687695 24576
56961026 20480
57269275 16384
57582226 12288
57694133 16384
57895264 12288
58200137 16384
58207810 12288
58425593 16384
58525854 12288
58570619 16384
58679112 20480
58774568 24576
58834716 20480
58863016 24576
58945630 28672
59025018 32768
59102074 36864
59147327 32768
59183212 36864
59288558 40960
59400748 45056
59462219 40960
59537399 45056
59773354 40960
59872867 45056
60085853 40960
60403924 36864
60714141 32768
60875292 36864
61029947 32768
61340683 28672
61651545 24576
61881879 28672
61964317 24576
62279178 20480
62592021 16384
62888232 20480
62902865 16384
63216347 12288
63529184 8192
63841948 4096
63894195 8192
64052843 12288
64159893 8192
64164921 12288
64246076 16384
64319490 20480
64384550 24576
64446040 28672
64468900 24576
64503334 28672
64562624 32768
64625968 36864
64690911 40960
64760251 45056
64780721 40960
64831817 45056
64937390 49152
65071202 49152
65094583 45056
65275885 49152
65407640 45056
65723840 40960
65781575 45056
66033493 40960
66285190 45056
66345771 40960
66663207 36864
66789162 40960
66976931 36864
67289784 32768
67290837 36864
67599312 32768
67793862 36864
67915870 32768
68228458 28672
68296204 32768
68541936 28672
68800079 32768
68850607 28672
69167929 24576
69301309 28672
69481000 24576
69793934 20480
69804367 24576
70107040 20480
70415221 16384
70733061 12288
70810637 16384
71045964 12288
71312322 16384
71354393 12288
71540311 16384
71671920 12288
71684924 16384
71793753 20480
71884148 24576
71967473 28672
71979730 24576
72052922 28672
72140941 32768
72226373 36864
72296277 32768
72313959 36864
72425606 40960
72556147 45056
72607270 40960
72714698 45056
72922457 40960
73220920 45056
73231820 40960
73545550 36864
73860981 32768
74173034 28672
74224553 32768
74484330 28672
74796857 24576
75113310 20480
75230766 24576
75427631 20480
75738648 16384
76052878 12288
76237280 16384
76366881 12288
76677521 8192
76739023 12288
76906219 16384
76988801 12288
77034337 16384
77129986 20480
77216917 24576
77296723 28672
77301293 24576
77372210 28672
77453521 32768
77534987 36864
77615957 32768
77616082 36864
77707224 40960
77823814 45056
77931847 40960
77957577 45056
78239949 40960
78295011 45056
78557934 40960
78870698 36864
79183980 32768
79301447 36864
79496948 32768
79809909 28672
80123031 24576
80304259 28672
80435926 24576
80748979 20480
81061115 16384
81308733 20480
81370065 16384
81688022 12288
81999930 8192
82309938 4096
82310203 8192
82538026 12288
82626815 8192
82696895 12288
82787493 16384
82868529 20480
82938726 16384
82938839 20480
83002247 24576
83061342 28672
83116883 32768
83173903 36864
83230505 40960
83247728 36864
83284721 40960
83352023 45056
83428344 49152
83509768 49152
83563646 45056
83609642 49152
83813718 49152
83878778 45056
84188307 40960
84319710 45056
84505009 40960
84817175 36864
84821767 40960
85130994 36864
85327502 40960
85443825 36864
85756918 32768
85833254 36864
86069966 32768
86339412 36864
86379017 32768
86695992 28672
86845387 32768
87008916 28672
87321801 24576
87346426 28672
87635137 24576
87848694 28672
87947901 24576
88260953 20480
88571426 16384
88851861 20480
88881742 16384
89199966 12288
89512965 8192
89825922 4096
89853563 8192
90081367 12288
90137308 8192
90239780 12288
90335259 16384
90419802 20480
90446911 16384
90488330 20480
90547432 24576
90605323 28672
90659868 32768
90717178 36864
90762462 32768
90769576 36864
90828973 40960
90896288 45056
90962957 49152
91037981 49152
91072804 45056
91125829 49152
91292890 49152
91386287 45056
91629496 49152
91703756 45056
92013491 40960
92327304 36864
92635414 40960
92638328 36864
92953070 32768
93268958 28672
93581636 24576
93638941 28672
93890658 24576
94205769 20480
94520958 16384
94645183 20480
94833351 16384
95142262 12288
95455544 8192
95651731 12288
95772911 8192
95989359 12288
96080959 8192
96147884 12288
96253338 16384
96339815 20480
96395360 16384
96414648 20480
96481097 24576
96543663 28672
96605983 32768
96666441 36864
96707949 32768
96722338 36864
96786342 40960
96857669 45056
96934075 49152
97015425 49152
97019715 45056
97111329 49152
97317232 49152
97332863 45056
97650950 40960
97823518 45056
97964054 40960
98275477 36864
98324783 40960
98587431 36864
98825580 40960
98902779 36864
99214707 32768
99331431 36864
99529008 32768
99832570 36864
99836746 32768
100150788 28672
100339494 32768
100468001 28672
100780963 24576
100842750 28672
101093926 24576
101348784 28672
101402036 24576
101719964 20480
102033227 16384
102342296 12288
102351986 16384
102659004 12288
102969485 8192
103281759 4096
103354747 8192
103541636 12288
103596584 8192
103679428 12288
103764862 16384
103840181 20480
103904991 24576
103905723 20480
103963495 24576
104018184 28672
104077652 32768
104130380 36864
104187599 40960
104219127 36864
104247035 40960
104309971 45056
104381242 49152
104462429 49152
104536752 45056
104562796 49152
104768277 49152
104848223 45056
105158158 40960
105274239 45056
105474753 40960
105780176 45056
105783725 40960
106097465 36864
106286317 40960
106414893 36864
106724936 32768
106788156 36864
107041079 32768
107292393 36864
107353423 32768
107664377 28672
107798865 32768
107980077 28672
108292923 24576
108301030 28672
108605999 24576
108807791 28672
108915098 24576
109232028 20480
109544940 16384
109814753 20480
109853430 16384
110170991 12288
110483989 8192
110791857 4096
110816041 8192
111040991 12288
111105951 8192
111198999 12288
111294375 16384
111378841 20480
111418416 16384
111447521 20480
111505768 24576
111565306 28672
111620463 32768
111674834 36864
111730973 32768
111731315 36864
111789832 40960
111852216 45056
111923475 49152
111998735 49152
112044385 45056
112087946 49152
112259539 49152
112361807 45056
112598820 49152
112672524 45056
112983785 40960
113301016 36864
113605450 40960
113608923 36864
113926914 32768
114240039 28672
114552969 24576
114610930 28672
114865936 24576
115178937 20480
115487321 16384
115617185 20480
115804968 16384
116117977 12288
116427738 8192
116624313 12288
116743858 8192
116963185 12288
117056620 8192
117117595 12288
117218270 16384
117305655 20480
117365455 16384
117380086 20480
117442956 24576
117508243 28672
117570569 32768
117627859 36864
117678801 32768
117683480 36864
117745668 40960
117817120 45056
117893470 49152
117975874 49152
117991195 45056
118076315 49152
118279309 49152
118303741 45056
118620777 40960
118785498 45056
118934997 40960
119247890 36864
119286902 40960
119559482 36864
119790860 40960
119873830 36864
120184592 32768
120292529 36864
120499473 32768
120797333 36864
120807837 32768
121125913 28672
121299344 32768
121438973 28672
121748189 24576
121803009 28672
122062960 24576
122308918 28672
122373556 24576
122690858 20480
123000009 16384
123315455 12288
123315697 16384
123629792 12288
123942887 8192
124251448 4096
124321883 8192
124509182 12288
124565830 8192
124647481 12288
124731229 16384
124808255 20480
124872532 24576
124876860 20480
124932674 24576
124991237 28672
125046386 32768
125103730 36864
125157417 40960
125191359 36864
125216035 40960
125282435 45056
125365980 49152
125449344 49152
125503433 45056
125548050 49152
125749741 49152
125815918 45056
126133989 40960
126251950 45056
126446936 40960
126754187 45056
126755007 40960
127071740 36864
127257297 40960
127385831 36864
127698987 32768
127758154 36864
128011892 32768
128264274 36864
128324812 32768
128637053 28672
128770547 32768
128950942 28672
129263930 24576
129272424 28672
129573198 24576
129774239 28672
129889810 24576
130198886 20480
130515281 16384
130782017 20480
130826055 16384
131142114 12288
131454879 8192
131766790 4096
131783171 8192
132010664 12288
132076013 8192
132164823 12288
132257433 16384
132342816 20480
132389253 16384
132415804 20480
132478949 24576
132538581 28672
132597877 32768
132651317 36864
132706774 32768
132707160 36864
132766525 40960
132829345 45056
132897560 49152
132972922 49152
133014947 45056
133061856 49152
133233408 49152
133332823 45056
133572361 49152
133643141 45056
133959017 40960
134271974 36864
134577053 40960
134579756 36864
134897935 32768
135211069 28672
135523986 24576
135579893 28672
135836955 24576
136149991 20480
136462920 16384
136586501 20480
136776108 16384
137088944 12288
137401899 8192
137593713 12288
137714875 8192
137928420 12288
138024805 8192
138085297 12288
138187624 16384
138274904 20480
138340787 16384
138350063 20480
138413320 24576
138478751 28672
138541091 32768
138601461 36864
138648735 32768
138658038 36864
138723366 40960
138791172 45056
138867491 49152
138952797 49152
138962305 45056
139048423 49152
139248937 49152
139274965 45056
139593026 40960
139754922 45056
139905918 40960
140215092 36864
140256684 40960
140530966 36864
140762599 40960
140839830 36864
141157987 32768
141267597 36864
141470975 32768
141773551 36864
141778954 32768
142096863 28672
142275528 32768
142409895 28672
142721643 24576
142776087 28672
143035984 24576
143282507 28672
143344990 24576
143657139 20480
143973583 16384
144286757 12288
144287898 16384
144600248 12288
144910431 8192
145226936 4096
145291769 8192
145478566 12288
145535682 8192
145583760 12288
145672120 16384
145751633 20480
145819900 24576
145847731 20480
145879553 24576
145933829 28672
145988394 32768
146045732 36864
146099727 40960
146154023 45056
146164487 40960
146214299 45056
146287360 49152
146374902 49152
146475048 45056
146481579 49152
146733475 49152
146787005 45056
147104919 40960
147418002 36864
147727453 32768
147735792 36864
148043937 32768
148352414 28672
148670002 24576
148738466 28672
148982947 24576
149295919 20480
149609034 16384
149744929 20480
149918081 16384
150235113 12288
150547929 8192
150751408 12288
150860896 8192
151090294 12288
151173788 8192
151248908 12288
151354496 16384
151441029 20480
151482241 16384
151516124 20480
151583471 24576
151644205 28672
151706549 32768
151767001 36864
151795292 32768
151825457 36864
151890760 40960
151962105 45056
152038501 49152
152112742 45056
152119565 49152
152245485 49152
152426012 45056
152447122 49152
152738952 45056
152848316 49152
153051082 45056
153251492 49152
153364857 45056
153652360 49152
153674122 45056
153986330 40960
154058050 45056
154302292 40960
154463932 45056
154616923 40960
154869461 45056
154925865 40960
155242929 36864
155270873 40960
155552553 36864
155675844 40960
155868012 36864
156081928 40960
156181830 36864
156484486 40960
156490538 36864
156806899 32768
156890303 36864
157120925 32768
157296274 36864
157433929 32768
157701593 36864
157743667 32768
158057190 28672
158104745 32768
158371481 28672
158506315 32768
158685997 28672
158910888 32768
158998765 28672
159307661 24576
159312480 28672
159624953 24576
159713696 28672
159936391 24576
160246739 20480
160564027 16384
160715656 20480
160876989 16384
161190091 12288
161502979 8192
161722188 12288
161815844 8192
162057590 12288
162125340 8192
162212261 12288
162315963 16384
162403857 20480
162436754 16384
162478307 20480
162542146 24576
162607400 28672
162669684 32768
162725949 36864
162750385 32768
162781298 36864
162846388 40960
162912999 45056
162984768 49152
163063806 45056
163065190 49152
163195553 49152
163376214 45056
163398668 49152
163689967 45056
163804751 49152
164007399 45056
164211019 49152
164319834 45056
164616956 49152
164627867 45056
164945972 40960
165019102 45056
165258508 40960
165420652 45056
165572579 40960
165826994 45056
165880216 40960
166194281 36864
166227986 40960
166506467 36864
166633845 40960
166819966 36864
167036956 40960
167135708 36864
167440221 40960
167445363 36864
167762119 32768
167843709 36864
168071836 32768
168249901 36864
168388308 32768
168653243 36864
168697440 32768
169012415 28672
169054475 32768
169326339 28672
169457341 32768
169640915 28672
169858240 32768
169951754 28672
170261811 24576
170263311 28672
170577704 24576
170665029 28672
170889788 24576
171206007 20480
171519025 16384
171667425 20480
171827710 16384
172140715 12288
172457815 8192
172672031 12288
172768528 8192
173011120 12288
173079625 8192
173168157 12288
173273686 16384
173360064 20480
173391858 16384
173435064 20480
173502425 24576
173562579 28672
173620712 32768
173678042 36864
173705077 32768
173734840 36864
173796152 40960
173863145 45056
173935297 49152
174020744 49152
174022772 45056
174121155 49152
174326468 49152
174330774 45056
174644846 40960
174828025 45056
174961872 40960
175274139 36864
175334070 40960
175588537 36864
175839797 40960
175896535 36864
176212729 32768
176342978 36864
176522040 32768
176838175 28672
176846284 32768
177151814 28672
177352338 32768
177464522 28672
177778990 24576
177858074 28672
178091260 24576
178361419 28672
178399746 24576
178715276 20480
179027189 16384
179339991 12288
179363392 16384
179656974 12288
179968540 8192
180279015 4096
180364477 8192
180551404 12288
180590881 8192
180689952 12288
180775862 16384
180850709 20480
180907882 16384
180916283 20480
180972681 24576
181027759 28672
181084014 32768
181139381 36864
181194733 40960
181219209 36864
181246801 40960
181305388 45056
181375578 49152
181452345 49152
181534777 45056
181539555 49152
181710398 49152
181848070 45056
182049748 49152
182155740 45056
182469477 40960
182782598 36864
183055921 40960
183094969 36864
183413139 32768
183725987 28672
184038972 24576
184063031 28672
184351968 24576
184664933 20480
184973902 16384
185065483 20480
185291123 16384
185603943 12288
185913967 8192
186072191 12288
186229210 8192
186411327 12288
186542887 8192
186565179 12288
186669332 16384
186760798 20480
186836038 24576
186851255 20480
186902683 24576
186963432 28672
187024285 32768
187085210 36864
187148554 40960
187163707 36864
187209776 40960
187286044 45056
187374339 49152
187474773 49152
187476720 45056
187593409 49152
187794974 45056
187929500 49152
188106730 45056
188419728 40960
188730115 36864
188935458 40960
189046850 36864
189359974 32768
189671843 28672
189942019 32768
189981256 28672
190295739 24576
190608627 20480
190925174 16384
190944598 20480
191233852 16384
191550983 12288
191859082 8192
191950681 12288
192177033 8192
192289435 12288
192447399 16384
192484817 12288
192578163 16384
192665600 20480
192750993 24576
192798179 20480
192824204 24576
192888094 28672
192957060 32768
193019608 36864
193086901 40960
193111338 36864
193151980 40960
193230552 45056
193321852 49152
193424614 45056
193427381 49152
193632816 49152
193741895 45056
194053092 40960
194136323 45056
194364969 40960
194642606 45056
194675854 40960
194989310 36864
195144082 40960
195306944 36864
195619304 32768
195648206 36864
195929106 32768
196149931 36864
196245828 32768
196556321 28672
196656165 32768
196867831 28672
197163039 32768
197179852 28672
197497945 24576
197663920 28672
197810931 24576
198123967 20480
198164813 24576
198437000 20480
198749932 16384
199062922 12288
199168533 16384
199375915 12288
199688972 8192
199999483 4096
200174799 8192
200315044 4096
200343733 8192
200442251 12288
200527687 16384
200595129 20480
200622915 16384
200653814 20480
200704980 24576
200756182 28672
200807723 32768
200856359 36864
200907889 40960
200935734 36864
200955789 40960
201012359 45056
201074766 49152
201146081 49152
201222861 49152
201250800 45056
201319091 49152
201546616 49152
201562625 45056
201879866 40960
202187981 36864
202218724 40960
202502529 36864
202816652 32768
202886850 36864
203131728 32768
203440373 28672
203558741 32768
203757952 28672
204069321 24576
204231150 28672
204379719 24576
204697103 20480
204900992 24576
205009864 20480
205323007 16384
205631780 12288
205905963 16384
205944625 12288
206262055 8192
206571564 4096
206887958 0
206907606 4096
207033290 8192
207129573 12288
207195946 8192
207204856 12288
207265082 16384
207320826 20480
207369812 24576
207415963 28672
207457817 32768
207499274 36864
207508731 32768
207541655 36864
207586137 40960
207637384 45056
207690301 49152
207821682 45056
208134681 40960
208447682 36864
208760695 32768
209073685 28672
209386697 24576
209699683 20480
210012684 16384
210325685 12288
210638679 8192
210951684 4096
211264679 0
