0 333333333
337161 183000000
525705 201000000
732680 219000000
952906 243000000
1201307 277000000
1484178 313000000
1803199 364000000
2167985 437000000
2606031 547000000
3153860 729000000
3884551 999999999
4886410 170000000
5057945 182000000
5245232 201000000
5451658 219000000
5671876 243000000
5920339 277000000
6203039 313000000
6522373 364000000
6888229 438000000
7327273 546000000
7874430 729000000
8604644 999999999
9605883 170000000
9777086 182000000
9964607 201000000
10171579 219000000
10396689 243000000
10641347 277000000
10924245 274000000
11204462 371000000
11581321 447000000
12029975 561000000
12596825 726000000
13328829 999999999
14331122 155000000
14491916 184000000
14677569 182000000
14865881 221000000
15088797 246000000
15336777 243000000
15585646 274000000
15865849 371000000
16238215 447000000
16691300 546000000
17238852 726000000
17969569 999999999
18972302 155000000
19133543 184000000
19323061 182000000
19511544 221000000
19735913 246000000
19987637 243000000
20235771 317000000
20558750 371000000
20935908 447000000
21388938 546000000
21936015 726000000
22663049 999999999
23665380 155000000
23822212 184000000
24011951 182000000
24199766 221000000
24421434 246000000
24669915 243000000
24914073 317000000
25233499 371000000
25610584 447000000
26062162 546000000
26611137 726000000
27342923 999999999
28344368 155000000
28500504 184000000
28690090 182000000
28895239 221000000
29117183 246000000
29368662 243000000
29617607 317000000
29938629 371000000
30310421 447000000
30763429 546000000
31310986 726000000
32038875 999999999
33042354 155000000
33199591 184000000
33385140 182000000
33573100 221000000
33799676 219000000
34021471 277000000
34300088 318000000
34619801 371000000
34997488 447000000
35450693 546000000
36000590 726000000
36733277 999999999
37736613 155000000
37896490 184000000
38086099 182000000
38289365 221000000
38511415 246000000
38758476 243000000
39007446 317000000
39330388 371000000
39707334 447000000
40160671 546000000
40709639 726000000
41439025 999999999
42444612 155000000
42600441 184000000
42789995 182000000
42972793 221000000
43195554 219000000
43420810 246000000
43672862 277000000
43955972 313000000
44274872 364000000
44641316 437000000
45079870 754000000
45840275 999999999
46844385 999999999
47847018 170000000
48022831 182000000
48207335 199000000
48412370 221000000
48639260 246000000
48887225 274000000
49162960 313000000
49477180 364000000
49847138 437000000
50289899 546000000
50842378 999999999
51848304 999999999
52849795 170000000
53025645 182000000
53211274 201000000
53415402 199000000
53615318 219000000
53835609 246000000
54087978 274000000
54364222 313000000
54682190 446000000
55129338 546000000
55676290 726000000
56408408 999999999
57412063 170000000
57587979 168000000
57759889 182000000
57942609 221000000
58169144 219000000
58388930 243000000
58637655 317000000
58958499 371000000
59335654 447000000
59788572 546000000
60549444 729000000
61284770 999999999
62286810 155000000
62447846 170000000
62619565 182000000
62823495 201000000
63030215 219000000
63252923 277000000
63533439 274000000
63813361 313000000
64132223 446000000
64584554 546000000
65134941 729000000
65869988 999999999
66031361 155000000
66192312 168000000
66362048 201000000
66568670 199000000
66773523 219000000
66993927 277000000
67276702 274000000
67556902 313000000
67873827 446000000
68322134 546000000
68870275 729000000
69605458 999999999
70609779 170000000
70780540 184000000
70970121 182000000
71158056 199000000
71362802 221000000
71589808 243000000
71838790 317000000
72159421 371000000
72531725 447000000
72982551 546000000
73532392 726000000
74264544 999999999
75266779 170000000
75437908 168000000
75628183 182000000
75815964 199000000
76017873 221000000
76244731 243000000
76493649 317000000
76816819 371000000
77191091 447000000
77641824 546000000
78191258 726000000
78918363 999999999
79923154 170000000
80095783 168000000
80269601 182000000
80453720 221000000
80678641 219000000
80903117 243000000
81151542 317000000
81469704 371000000
81842102 447000000
82285379 561000000
82852179 726000000
83584302 999999999
84588874 170000000
84764527 168000000
84938429 182000000
85126011 201000000
85332875 219000000
85557679 277000000
85840553 318000000
86162386 371000000
86536179 447000000
86986157 561000000
87548474 726000000
88280512 999999999
89283512 170000000
89459251 168000000
89633159 182000000
89817194 201000000
90020443 219000000
90245506 277000000
90524991 318000000
90848640 371000000
91225611 447000000
91678677 561000000
92245865 726000000
92977937 999999999
93137128 155000000
93295006 168000000
93468728 184000000
93654487 199000000
93859074 221000000
94085901 243000000
94335268 317000000
94658167 371000000
95032367 447000000
95482601 546000000
96030528 726000000
96759514 155000000
96920047 170000000
97095247 169000000
97265894 184000000
97455830 199000000
97656403 246000000
97907948 243000000
98154826 274000000
98435386 371000000
98812255 447000000
99260091 546000000
99809221 726000000
100537312 155000000
100697682 170000000
100869217 169000000
101038499 184000000
101227859 199000000
101428037 246000000
101675211 243000000
101919016 274000000
102193361 371000000
102565633 447000000
103014404 546000000
103565893 726000000
104297993 155000000
104458478 170000000
104629967 169000000
104804298 184000000
104993997 199000000
105198792 246000000
105447589 243000000
105692592 274000000
105970419 371000000
106344425 447000000
106795880 546000000
107346007 726000000
108082212 155000000
108242804 170000000
108418751 169000000
108593249 184000000
108783142 199000000
108987450 246000000
109237153 243000000
109482489 277000000
109762738 318000000
110086724 371000000
110462987 437000000
110903322 754000000
111663528 999999999
112669940 170000000
112844398 184000000
113029672 183000000
113213676 201000000
113420922 221000000
113642781 246000000
113894230 277000000
114177167 318000000
114496119 371000000
114870545 437000000
115313606 754000000
116074263 999999999
117075129 155000000
117235863 170000000
117407038 184000000
117596649 182000000
117780322 221000000
118004966 219000000
118230027 246000000
118482238 274000000
118762395 313000000
119081269 446000000
119533919 561000000
120101127 726000000
120830716 170000000
121004203 168000000
121173617 182000000
121361127 183000000
121546397 201000000
121749607 221000000
121976772 246000000
122228573 274000000
122508396 371000000
122885261 447000000
123335505 546000000
123887408 726000000
124615435 155000000
124775957 170000000
124950995 182000000
125138632 183000000
125327606 201000000
125532613 219000000
125757263 246000000
126004396 274000000
126284395 313000000
126599416 446000000
127048317 561000000
127612835 726000000
128341347 170000000
128517125 168000000
128687632 182000000
128875150 183000000
129062149 201000000
129269037 221000000
129493724 246000000
129743104 274000000
130020576 313000000
130339397 446000000
130791383 561000000
131353360 726000000
132085441 155000000
132247242 168000000
132419044 182000000
132602610 183000000
132787346 201000000
132989650 221000000
133217061 246000000
133464163 274000000
133743891 371000000
134120792 447000000
134571101 561000000
135137462 726000000
135864951 170000000
136040532 168000000
136211457 182000000
136395992 183000000
136584826 201000000
136786682 219000000
137011272 246000000
137263171 274000000
137543083 313000000
137861993 446000000
138313242 561000000
138875085 726000000
139602869 170000000
139773313 168000000
139941937 182000000
140129393 183000000
140314374 201000000
140518989 221000000
140746005 246000000
140998439 274000000
141278359 371000000
141655549 447000000
142105923 546000000
142654192 726000000
143386697 155000000
143547372 170000000
143718399 182000000
143905953 183000000
144094837 201000000
144296883 219000000
144520820 246000000
144773170 274000000
145053182 313000000
145367587 446000000
145818437 561000000
146385644 726000000
147113661 170000000
147289188 168000000
147460620 182000000
147644181 183000000
147828377 201000000
148034934 221000000
148262002 246000000
148513958 274000000
148838271 371000000
149215474 447000000
149665731 546000000
150215533 726000000
150945433 155000000
151105163 170000000
151279720 182000000
151467296 183000000
151656204 201000000
151858748 219000000
152083254 246000000
152331545 274000000
152607214 313000000
152926098 446000000
153373648 546000000
153920875 726000000
154648232 155000000
154808709 170000000
154980459 182000000
155168009 183000000
155356935 201000000
155563697 219000000
155788351 246000000
156040887 274000000
156321590 313000000
156637499 446000000
157089426 561000000
157654604 726000000
158382341 170000000
158552867 168000000
158725504 182000000
158910365 183000000
159094651 201000000
159301271 221000000
159528229 246000000
159780180 274000000
160060508 371000000
160437337 447000000
160886182 546000000
161438224 726000000
162165841 155000000
162326375 170000000
162498149 182000000
162680596 183000000
162869390 201000000
163075925 219000000
163300492 246000000
163552390 274000000
163832295 313000000
164151263 446000000
164598168 561000000
165162786 726000000
165891932 170000000
166067505 168000000
166236284 182000000
166420341 183000000
166609302 201000000
166812369 221000000
167034904 246000000
167284839 274000000
167563124 371000000
167940322 447000000
168391630 561000000
168955257 726000000
169682526 170000000
169852960 168000000
170022977 182000000
170210463 183000000
170399175 201000000
170601355 219000000
170826935 246000000
171078860 274000000
171358980 313000000
171677982 446000000
172129895 561000000
172695651 726000000
173426264 170000000
173602179 168000000
173772923 182000000
173956133 183000000
174144952 201000000
174346561 219000000
174566466 246000000
174814650 274000000
175089534 313000000
175408471 446000000
175860434 561000000
176427433 726000000
177156310 155000000
177317146 168000000
177489335 182000000
177672406 183000000
177857877 199000000
178062431 221000000
178289413 246000000
178541315 274000000
178821216 371000000
179194072 447000000
179637513 561000000
180199774 726000000
180929230 170000000
181104977 168000000
181275413 182000000
181462432 183000000
181651318 201000000
181853733 219000000
182075791 246000000
182323259 274000000
182603264 313000000
182922110 446000000
183371101 561000000
183938539 726000000
184669043 155000000
184830479 168000000
184999768 182000000
185183724 183000000
185367653 199000000
185572270 221000000
185799425 246000000
186051465 274000000
186329877 371000000
186706714 447000000
187154696 561000000
187721945 726000000
188728851 170000000
188904843 184000000
189090132 183000000
189279034 183000000
189463335 199000000
189663662 221000000
189890499 246000000
190142272 274000000
190422479 371000000
190799489 447000000
191247529 546000000
191799346 726000000
192531448 999999999
193533100 170000000
193707855 184000000
193898142 183000000
194082053 199000000
194282120 221000000
194508160 243000000
194753361 274000000
195028367 371000000
195405028 447000000
195858462 561000000
196425972 726000000
197158236 155000000
197319284 168000000
197490653 184000000
197676617 183000000
197861245 199000000
198065729 221000000
198287843 243000000
198536938 274000000
198814086 371000000
199187214 447000000
199635926 561000000
200203110 726000000
200935558 155000000
201096526 168000000
201265388 182000000
201452970 183000000
201641828 199000000
201846402 221000000
202073295 246000000
202325205 274000000
202605138 371000000
202979952 447000000
203428473 561000000
203995628 726000000
204727865 155000000
204887778 170000000
205059586 184000000
205249225 182000000
205437740 201000000
205645039 221000000
205872084 246000000
206151854 274000000
206431798 313000000
206750728 446000000
207198016 561000000
207750750 726000000
208483186 170000000
208658926 168000000
208830054 182000000
209017719 183000000
209203312 201000000
209406431 219000000
209631104 246000000
209883116 274000000
210163138 313000000
210482073 446000000
210934252 561000000
211497439 726000000
212226004 170000000
212401666 168000000
212571234 182000000
212758700 183000000
212947488 201000000
213149290 221000000
213376322 246000000
213628268 274000000
213908271 371000000
214285215 447000000
214733283 546000000
215285149 726000000
216012809 155000000
216173332 170000000
216349033 182000000
216535571 183000000
216724349 201000000
216927237 219000000
217152012 246000000
217404057 274000000
217684326 313000000
218003325 446000000
218451952 561000000
219019459 726000000
219747302 170000000
219923033 168000000
220091963 182000000
220279486 183000000
220463545 201000000
220665067 221000000
220891965 246000000
221143938 274000000
221424014 313000000
221742927 446000000
222195386 561000000
222761180 726000000
223488880 170000000
223664504 168000000
223834030 182000000
224021708 183000000
224206586 201000000
224413240 221000000
224637300 246000000
224889319 274000000
225169192 371000000
225541602 447000000
225991454 546000000
226538524 726000000
227267097 155000000
227427617 170000000
227598695 182000000
227786192 183000000
227975165 201000000
228180002 219000000
228404544 246000000
228656507 274000000
228932023 313000000
229250828 446000000
229700924 561000000
230263869 726000000
230996169 155000000
231169834 168000000
231339057 182000000
231522098 183000000
231706946 201000000
231913486 221000000
232140717 246000000
232392788 274000000
232672765 371000000
233046562 447000000
233499998 561000000
234052038 726000000
234781216 155000000
234941703 170000000
235115136 182000000
235301144 183000000
235485268 201000000
235691917 221000000
235943557 246000000
236195492 274000000
236475412 313000000
236791151 446000000
237238401 561000000
237787431 726000000
238516597 170000000
238689326 168000000
238858179 182000000
239045827 183000000
239230663 201000000
239437224 221000000
239664347 246000000
239916272 274000000
240196223 371000000
240568172 447000000
241017500 546000000
