0 4096
306359 0
325327 4096
545738 8192
619092 4096
763353 8192
929616 4096
989097 8192
1235060 12288
1242141 8192
1496072 12288
1555129 8192
1822996 12288
1868664 8192
2164590 12288
2181133 8192
2494234 4096
2560658 8192
2807352 4096
3047847 8192
3125136 4096
3433768 0
3638647 4096
3747281 0
4436381 4096
4658490 8192
4688169 4096
4865493 8192
4998612 4096
5073859 8192
5296265 12288
5311766 8192
5533899 12288
5624695 8192
5803055 12288
5942171 8192
6108191 12288
6250408 8192
6449568 12288
6568121 8192
6848593 12288
6876893 8192
7194295 4096
7319922 8192
7507277 4096
7820362 0
7928886 4096
8129399 0
8733057 4096
8754149 0
8959865 4096
9072303 0
9160824 4096
9372463 8192
9380266 4096
9591153 8192
9694234 4096
9835866 8192
10006952 4096
10104858 8192
10319791 4096
10410487 8192
10634148 4096
10758140 8192
10945688 4096
11155722 8192
11258714 4096
11573330 0
11627873 4096
11884834 0
12237127 4096
12510843 0
13002742 4096
13137307 0
13229372 4096
13434077 8192
13450338 4096
13638614 8192
13763648 4096
13861985 8192
14075233 4096
14104597 8192
14373926 12288
14388405 8192
14665585 12288
14701733 8192
15004433 12288
15014681 8192
15328372 4096
15402207 8192
15640280 4096
15887962 8192
15953239 4096
16268747 0
16473758 4096
16580997 0
17271942 4096
17494525 8192
17519485 4096
17702575 8192
17831794 4096
17916426 8192
18139472 12288
18145075 8192
18375815 12288
18458187 8192
18643369 12288
18775138 8192
18945764 12288
19088247 8192
19288820 12288
19401243 8192
19687104 12288
19709178 8192
20023952 4096
20158764 8192
20335519 4096
20650030 0
20764275 4096
20961609 0
21567341 4096
21589316 0
21794446 4096
21900869 0
21999240 4096
22205807 8192
22213221 4096
22424510 8192
22526714 4096
22669853 8192
22839329 4096
22939277 8192
23157267 4096
23245389 8192
23466583 4096
23588269 8192
23783404 4096
23988644 8192
24091190 4096
24406286 0
24530044 4096
24719456 0
25133713 4096
25343898 0
25904386 4096
25973040 0
26131234 4096
26287346 0
26333443 4096
26539204 8192
26597043 4096
26757505 8192
26908213 4096
27002043 8192
27223079 4096
27272954 8192
27537939 4096
27573515 8192
27848126 4096
27916208 8192
28161253 4096
28314731 8192
28473718 4096
28786284 0
28786582 4096
29104318 0
29492504 4096
29726184 0
30263154 4096
30354924 0
30486857 4096
30665116 0
30688906 4096
30895408 8192
30982261 4096
31113555 8192
31295320 4096
31355347 8192
31605369 4096
31624564 8192
31916230 4096
31925876 8192
32230678 4096
32268924 8192
32545388 4096
32670983 8192
32860267 4096
33143288 8192
33168732 4096
33481834 0
33725457 4096
33799260 0
34526215 4096
34738332 0
34750527 4096
34953070 8192
35051245 4096
35157435 8192
35359626 4096
35381630 8192
35629217 12288
35672703 8192
35889584 12288
35988313 8192
36192402 12288
36303327 8192
36539899 12288
36612568 8192
36926962 4096
36935958 8192
37239875 4096
37428297 8192
37555238 4096
37868349 0
38014409 4096
38181351 0
38813921 4096
39040523 8192
39120254 4096
39253693 8192
39433388 4096
39462370 8192
39690350 12288
39741163 8192
39930912 12288
40054440 8192
40202961 12288
40370755 8192
40503744 12288
40680870 8192
40845792 12288
40998358 8192
41245688 12288
41306219 8192
41622136 4096
41721734 8192
41937395 4096
42245689 0
42326952 4096
42561108 0
43129340 4096
43187185 0
43351713 4096
43499303 0
43552156 4096
43763794 8192
43811412 4096
43980565 8192
44123816 4096
44222896 8192
44436719 4096
44493597 8192
44754321 4096
44794805 8192
45063422 4096
45140078 8192
45380319 4096
45541848 8192
45688444 4096
46001372 0
46013286 4096
46317463 0
46618120 4096
46627288 0
47385473 4096
47567736 0
47607752 4096
47807809 8192
47880535 4096
48016582 8192
48193017 4096
48240397 8192
48485620 12288
48505446 8192
48747113 12288
48819152 8192
49050146 12288
49132269 8192
49397036 12288
49446632 8192
49758417 4096
49794288 8192
50072626 4096
50283107 8192
50387660 4096
50697666 0
50871524 4096
51011200 0
51670857 4096
51892605 8192
51949230 4096
52104353 8192
52265274 4096
52313328 8192
52538693 12288
52574159 8192
52799592 12288
52889315 8192
53068519 12288
53201739 8192
53373383 12288
53515999 8192
53716735 12288
53827571 8192
54116088 12288
54139503 8192
54455629 4096
54661146 8192
54770259 4096
55079335 0
55267714 4096
55392806 0
56070918 4096
56297671 8192
56330269 4096
56509516 8192
56646949 4096
56723200 8192
56945815 12288
56957075 8192
57184508 12288
57272431 8192
57454155 12288
57583001 8192
57756305 12288
57896995 8192
58134787 12288
58211418 8192
58521435 4096
58533819 8192
58836609 4096
59020807 8192
59147971 4096
59461326 0
59612261 4096
59777505 0
60414248 4096
60638316 8192
60715615 4096
60850189 8192
61025300 4096
61059451 8192
61287112 12288
61338266 8192
61526956 12288
61651188 8192
61799024 12288
61965349 8192
62102782 12288
62282106 8192
62449578 12288
62591406 8192
62849343 12288
62904439 8192
63218471 4096
63322800 8192
63532864 4096
63847354 0
63926695 4096
64156197 0
64729516 4096
64783351 0
64951748 4096
65095019 0
65154192 4096
65361633 8192
65407182 4096
65579240 8192
65721615 4096
65822754 8192
66039122 4096
66094495 8192
66351448 4096
66391987 8192
66664491 4096
66735920 8192
66972509 4096
67134939 8192
67287781 4096
67601029 0
67606903 4096
67912465 0
68211566 4096
68224830 0
68978575 4096
69163820 0
69203776 4096
69405419 8192
69477014 4096
69610152 8192
69794309 4096
69831783 8192
70079494 12288
70102365 8192
70342203 12288
70418086 8192
70642344 12288
70729406 8192
70989172 12288
71041203 8192
71354250 4096
71385204 8192
71668171 4096
71872483 8192
71982686 4096
72298315 0
72565285 4096
72606196 0
73363996 4096
73548935 0
73586422 4096
73790830 8192
73861765 4096
73999698 8192
74176278 4096
74221232 8192
74465387 12288
74485227 8192
74728341 12288
74799222 8192
75026559 12288
75111955 8192
75372143 12288
75423186 8192
75739067 4096
75816777 8192
76054332 4096
76308570 8192
76363808 4096
76680333 0
76899656 4096
76988887 0
77703001 4096
77924260 8192
77927884 4096
78133708 8192
78240914 4096
78342988 8192
78555918 4096
78566345 8192
78808658 12288
78867126 8192
79069688 12288
79184280 8192
79372208 12288
79496488 8192
79718982 12288
79810229 8192
80119690 4096
80120185 8192
80431761 4096
80612506 8192
80747627 4096
81057820 0
81198636 4096
81371018 0
81997926 4096
82219826 8192
82309151 4096
82432318 8192
82622411 4096
82641580 8192
82864293 12288
82935470 8192
83102372 12288
83250480 8192
83371794 12288
83566339 8192
83677866 12288
83875753 8192
84022127 12288
84192271 8192
84423105 12288
84500592 8192
84813439 4096
84894575 8192
85127024 4096
85439318 0
85499645 4096
85756432 0
86306532 4096
86378968 0
86528932 4096
86695408 0
86730297 4096
86939385 8192
87005534 4096
87158603 8192
87322360 4096
87405400 8192
87631739 4096
87674094 8192
87944174 4096
87979630 8192
88257017 4096
88322308 8192
88571312 4096
88721401 8192
88882985 4096
89192977 8192
89195176 4096
89509871 0
89774198 4096
89822171 0
90572714 4096
90763077 0
90799000 4096
90998941 8192
91073952 4096
91205009 8192
91391293 4096
91428426 8192
91673458 12288
91699953 8192
91935021 12288
92014352 8192
92238362 12288
92326259 8192
92585330 12288
92638379 8192
92953183 4096
92981450 8192
93269332 4096
93468570 8192
93578086 4096
93890686 0
94055859 4096
94206718 0
94855845 4096
95082594 8192
95143135 4096
95294353 8192
95456394 4096
95503760 8192
95730909 12288
95769137 8192
95969095 12288
96081258 8192
96237012 12288
96399316 8192
96539089 12288
96711933 8192
96921778 12288
97020233 8192
97324233 12288
97333210 8192
97651365 4096
97800079 8192
97963416 4096
98273299 0
98506177 4096
98588971 0
99313166 4096
99526824 0
99536910 4096
99739170 8192
99842263 4096
99948156 8192
100155328 4096
100184476 8192
100432183 12288
100463277 8192
100721306 12288
100776358 8192
101020792 12288
101089196 8192
101364077 12288
101405601 8192
101716418 4096
101807387 8192
102029585 4096
102294338 8192
102344850 4096
102654268 0
102881542 4096
102968003 0
103679808 4096
103906228 0
103906491 4096
104115107 8192
104220222 4096
104323616 8192
104534043 4096
104546902 8192
104791908 12288
104846522 8192
105055692 12288
105159248 8192
105356551 12288
105472121 8192
105700689 12288
105787181 8192
106098927 4096
106099228 8192
106411349 4096
106589218 8192
106723786 4096
107038051 0
107175460 4096
107349962 0
107974607 4096
107975374 0
108196883 4096
108289441 0
108402181 4096
108606364 0
108608886 4096
108833521 8192
108915584 4096
109071494 8192
109228172 4096
109343646 8192
109541363 4096
109649053 8192
109856918 4096
109995914 8192
110167753 4096
110398676 8192
110484224 4096
110796739 0
110870060 4096
111110106 0
111478212 4096
111735174 0
112246267 4096
112362310 0
112473780 4096
112671036 0
112674330 4096
112884687 8192
112983783 4096
113106593 8192
113296613 4096
113348358 8192
113609917 4096
113618631 8192
113921019 12288
113922259 8192
114235319 4096
114250114 8192
114548892 4096
114654735 8192
114861405 4096
115129965 8192
115175190 4096
115489233 0
115712950 4096
115805288 0
116510336 4096
116732879 8192
116739913 4096
116940747 8192
117057210 4096
117151918 8192
117370301 4096
117375327 8192
117621455 12288
117680126 8192
117882929 12288
117996240 8192
118182851 12288
118309277 8192
118525297 12288
118620243 8192
118923566 12288
118930222 8192
119244403 4096
119399808 8192
119556209 4096
119872207 0
120009058 4096
120183633 0
120813421 4096
121035994 8192
121122056 4096
121245899 8192
121439280 4096
121454958 8192
121678757 12288
121752243 8192
121920156 12288
122065335 8192
122214705 12288
122373543 8192
122516698 12288
122688557 8192
122863563 12288
122999346 8192
123262750 12288
123312690 8192
123626404 4096
123738738 8192
123938255 4096
124253966 0
124347803 4096
124564983 0
125152965 4096
125198024 0
125380728 4096
125504554 0
125581787 4096
125790508 8192
125819005 4096
126007769 8192
126129214 4096
126251473 8192
126445155 4096
126526047 8192
126760449 4096
126831843 8192
127072724 4096
127179496 8192
127382061 4096
127579001 8192
127694833 4096
128007221 0
128049726 4096
128320697 0
128658841 4096
128948187 0
129425770 4096
129577304 0
129649315 4096
129854004 8192
129885358 4096
130062833 8192
130202868 4096
130285850 8192
130511828 4096
130530437 8192
130801380 12288
130824878 8192
131091107 12288
131138591 8192
131431183 12288
131450195 8192
131764751 4096
131827476 8192
132077850 4096
132318437 8192
132393587 4096
132703262 0
132909519 4096
133017386 0
133708643 4096
133935655 8192
133954230 4096
134147987 8192
134269783 4096
134357160 8192
134580611 4096
134580826 8192
134818655 12288
134896410 8192
135078952 12288
135208695 8192
135377563 12288
135521545 8192
135720434 12288
135837276 8192
136118839 12288
136145231 8192
136460781 4096
136590772 8192
136771764 4096
137085373 0
137199757 4096
137397776 0
138007111 4096
138024112 0
138229512 4096
138339251 0
138434359 4096
138646041 8192
138649185 4096
138863615 8192
138962190 4096
139107104 8192
139277719 4096
139376351 8192
139588693 4096
139677430 8192
139904140 4096
140020342 8192
140215617 4096
140420725 8192
140529249 4096
140843058 0
140891544 4096
141158511 0
141496791 4096
141781906 0
142264214 4096
142409298 0
142488769 4096
142693447 8192
142720877 4096
142901993 8192
143032114 4096
143124152 8192
143346541 4096
143367120 8192
143639056 12288
143657402 8192
143961328 12288
143970447 8192
144285806 4096
144301087 8192
144598410 4096
144707870 8192
144910044 4096
145185993 8192
145222217 4096
145537901 0
145773440 4096
145853249 0
146573770 4096
146792251 0
146796498 4096
147001047 8192
147105260 4096
147205742 8192
147418331 4096
147429270 8192
147673057 12288
147727943 8192
147938026 12288
148039212 8192
148236413 12288
148356549 8192
148583286 12288
148667836 8192
148978591 4096
148979541 8192
149291211 4096
149466852 8192
149605558 4096
149920185 0
150058527 4096
150231760 0
150856983 4096
151080007 8192
151172890 4096
151291716 8192
151484728 4096
151503826 8192
151730270 12288
151795705 8192
151971253 12288
152109014 8192
152237939 12288
152426303 8192
152539207 12288
152739285 8192
152881549 12288
153049230 8192
153280351 12288
153365236 8192
153678338 4096
153819836 8192
153990772 4096
154305392 0
154429265 4096
154612764 0
155234579 4096
155238214 0
155456473 4096
155554558 0
155656150 4096
155863822 8192
155864512 4096
156081930 8192
156178516 4096
156316876 8192
156495237 4096
156576632 8192
156808210 4096
156866210 8192
157118846 4096
157199026 8192
157429994 4096
157580753 8192
157742533 4096
158027980 8192
158055366 4096
158368288 0
158569843 4096
158686258 0
159329939 4096
159622436 0
159622699 4096
159844239 8192
159938216 4096
160050686 8192
160246692 4096
160254282 8192
160480830 12288
160560146 8192
160721435 12288
160872209 8192
160986273 12288
161188466 8192
161289133 12288
161499541 8192
161632719 12288
161811697 8192
162032369 12288
162129241 8192
162439088 4096
162503392 8192
162755319 4096
163068348 0
163191260 4096
163381297 0
163489323 4096
163689945 0
163691906 4096
163907313 8192
164007205 4096
164114035 8192
164320302 4096
164330373 8192
164571138 12288
164629201 8192
164831434 12288
164942243 8192
165121699 12288
165256791 8192
165461358 12288
165569758 8192
165861444 12288
165881037 8192
166193227 4096
166337490 8192
166506869 4096
166819974 0
167029928 4096
167133727 0
167328005 4096
167446483 0
167527269 4096
167723819 8192
167758161 4096
167930438 8192
168076292 4096
168151363 8192
168386993 4096
168393125 8192
168662804 12288
168697411 8192
168957295 12288
169010872 8192
169290186 12288
169323335 8192
169638785 4096
169681887 8192
169949561 4096
170221913 8192
170262263 4096
170580267 0
170830755 4096
170889766 0
171125569 4096
171204481 0
171327062 4096
171515323 0
171521971 4096
171731755 8192
171828393 4096
171952633 8192
172144105 4096
172189821 8192
172455119 4096
172457364 8192
172757692 12288
172768418 8192
173079890 4096
173085386 8192
173393442 4096
173521259 8192
173710384 4096
174004179 8192
174018254 4096
174331846 0
174695491 4096
174957552 0
174987807 4096
175186992 8192
175271875 4096
175387877 8192
175585856 4096
175590544 8192
175816425 12288
175897748 8192
176054320 12288
176209837 8192
176319366 12288
176522201 8192
176620101 12288
176840319 8192
176997368 12288
177149893 8192
177398367 12288
177461777 8192
177774883 4096
177872947 8192
178090811 4096
178405485 0
178565293 4096
178714043 0
178863531 4096
179027211 0
179066063 4096
179265845 8192
179339848 4096
179473070 8192
179655390 4096
179704951 8192
179947993 12288
179965389 8192
180206447 12288
180280144 8192
180499725 12288
180591164 8192
180838724 12288
180904951 8192
181220180 4096
181237047 8192
181531831 4096
181780909 8192
181843864 4096
182156408 0
182386628 4096
182469296 0
182677743 4096
182784627 0
182876119 4096
183072624 8192
183097165 4096
183279555 8192
183408197 4096
183500336 8192
183723556 4096
183741429 8192
184011082 12288
184034390 8192
184306149 12288
184347221 8192
184637222 12288
184660966 8192
184978330 4096
185029621 8192
185291383 4096
185569079 8192
185599200 4096
185912360 0
186176432 4096
186232260 0
186469309 4096
186538292 0
186672622 4096
186851779 0
186868900 4096
187074012 8192
187169265 4096
187294818 8192
187480105 4096
187531101 8192
187791843 4096
187799403 8192
188105799 4096
188106090 8192
188417576 4096
188432720 8192
188734418 4096
188812994 8192
189043264 4096
189259045 8192
189356155 4096
189671786 0
189803457 4096
189983069 0
190561037 4096
190607710 0
190788244 4096
190925461 0
190985844 4096
191187781 8192
191240527 4096
191396482 8192
191548154 4096
191618880 8192
191860098 4096
191874571 8192
192163692 12288
192173414 8192
192465594 12288
192486041 8192
192798780 4096
192807991 8192
193116332 4096
193272250 8192
193424227 4096
193739304 0
193875587 4096
194053279 0
194641261 4096
194676532 0
194868129 4096
194989222 0
195062163 4096
195264960 8192
195302190 4096
195472592 8192
195616209 4096
195695223 8192
195929564 4096
195951145 8192
196243901 4096
196244679 8192
196549697 12288
196554200 8192
196872271 4096
196893313 8192
197184841 4096
197340539 8192
197493447 4096
197808165 0
197911362 4096
198123086 0
198678339 4096
198746254 0
198905018 4096
199061335 0
199109021 4096
199311628 8192
199372059 4096
199522040 8192
199687231 4096
199759693 8192
200002394 4096
200016836 8192
200305208 12288
200310216 8192
200608419 12288
200623662 8192
200938742 4096
200951087 8192
201251611 4096
201416142 8192
201562856 4096
201875216 0
202024679 4096
202188539 0
202789784 4096
202814211 0
203016858 4096
203127638 0
203214000 4096
203416096 8192
203440823 4096
203633920 8192
203755153 4096
203855470 8192
204068885 4096
204111333 8192
204384095 4096
204401503 8192
204693361 4096
204732282 8192
205010324 4096
205106551 8192
205322837 4096
205552977 8192
205636257 4096
205946258 0
206092470 4096
206257164 0
206848596 4096
206883756 0
207075411 4096
207201308 0
207271284 4096
207473043 8192
207510210 4096
207683357 8192
207822298 4096
207905414 8192
208140243 4096
208161782 8192
208449279 4096
208449589 8192
208762889 4096
208791557 8192
209075929 4096
209169247 8192
209389284 4096
209615124 8192
209704855 4096
210013169 0
210155317 4096
210326418 0
210446260 4096
210641324 0
210672001 4096
210870757 8192
210953416 4096
211069210 8192
211265181 4096
211275704 8192
211509252 12288
211579515 8192
211749864 12288
211896131 8192
212020730 12288
212209159 8192
212345219 12288
212517160 8192
212721867 12288
212832672 8192
213144167 4096
213167107 8192
213456242 4096
213748608 8192
213769177 4096
214087394 0
214506985 4096
214709229 0
214729051 4096
214928552 8192
215026178 4096
215124206 8192
215331507 12288
215334196 8192
215549588 12288
215649150 8192
215790205 12288
215961409 8192
216073859 12288
216277241 8192
216402272 12288
216591303 8192
216779912 12288
216899440 8192
217212577 4096
217225220 8192
217529581 4096
217806082 8192
217838158 4096
218156364 0
218564599 4096
218778923 0
218786225 4096
218987699 8192
219095295 4096
219185670 8192
219391448 12288
219404373 8192
219608068 12288
219718965 8192
219872499 12288
220030610 8192
220161393 12288
220347300 8192
220488501 12288
220660238 8192
220864989 12288
220973206 8192
221285512 4096
221312473 8192
221596381 4096
221893491 8192
221907393 4096
222221687 0
222650423 4096
222848174 0
222872656 4096
223072513 8192
223160485 4096
223271264 8192
223472259 4096
223477294 8192
223710712 12288
223788262 8192
223951517 12288
224102535 8192
224221837 12288
224412854 8192
224543076 12288
224728963 8192
224922975 12288
225037307 8192
225355159 4096
225366926 8192
225663527 4096
225953068 8192
225976263 4096
226289244 0
226709754 4096
226915305 0
226933306 4096
227135878 8192
227229870 4096
227332253 8192
227541891 4096
227543092 8192
227780798 12288
227854248 8192
228021492 12288
228169083 8192
228290819 12288
228482182 8192
228613086 12288
228793207 8192
228988757 12288
229111229 8192
229419352 4096
229433536 8192
229734947 4096
230016761 8192
230045217 4096
230358243 0
230773224 4096
230984241 0
230998232 4096
231202466 8192
231299736 4096
231400090 8192
231615341 4096
231617192 8192
231850078 12288
231928182 8192
232090854 12288
232237412 8192
232362094 12288
232550012 8192
232685752 12288
232867331 8192
233061321 12288
233180254 8192
233490948 4096
233506440 8192
233801854 4096
234092274 8192
234114160 4096
234427636 0
234850330 4096
235054238 0
235075533 4096
235278086 8192
235368651 4096
235478921 8192
235680433 4096
235685482 8192
235923208 12288
235993042 8192
236169297 12288
236305355 8192
236437957 12288
236623416 8192
236764555 12288
236932375 8192
237144677 12288
237245744 8192
237557194 4096
237589209 8192
237871446 4096
238172843 8192
238183775 4096
238496499 0
238931358 4096
239122376 0
239153716 4096
239354595 8192
239436255 4096
239555183 8192
239750947 4096
239763119 8192
239996686 12288
240062239 8192
240239229 12288
240377316 8192
240508945 12288
240692319 8192
240834817 12288
241004164 8192
241213271 12288
241316499 8192
241631216 4096
241659690 8192
241939312 4096
242240606 8192
242252931 4096
242567084 0
242997933 4096
243191227 0
243219741 4096
243421960 8192
243504695 4096
243620243 8192
243820228 4096
243826454 8192
244059067 12288
244131320 8192
244302182 12288
244444136 8192
244571407 12288
244756987 8192
244897208 12288
245072382 8192
245272761 12288
245384453 8192
245696119 4096
245715850 8192
246008812 4096
246321137 0
