0 4096
309557 0
326187 4096
515126 8192
622421 4096
721681 8192
935743 4096
941420 8192
1187773 12288
1244053 8192
1470754 12288
1559279 8192
1785499 12288
1874441 8192
2151900 12288
2182364 8192
2499116 4096
2590989 8192
2810030 4096
3126489 0
3139518 4096
3435190 0
3874511 4096
4065542 0
4875575 4096
5000860 0
5046109 4096
5233919 8192
5317428 4096
5435444 8192
5626395 4096
5656494 8192
5905092 12288
5938393 8192
6188040 12288
6251369 8192
6503192 12288
6568461 8192
6873258 12288
6877886 8192
7195567 4096
7311516 8192
7503867 4096
7821551 0
7860088 4096
8134781 0
8594978 4096
8760556 0
9597446 4096
9699387 0
9770336 4096
9958181 8192
10007971 4096
10164848 8192
10325461 4096
10415862 8192
10637863 4096
10664055 8192
10943599 12288
10946380 8192
11264610 4096
11265656 8192
11575610 4096
11634938 8192
11890542 4096
12077763 8192
12203563 4096
12515977 0
12836183 4096
13142791 0
13571178 4096
13732154 8192
13767823 4096
13892288 8192
14079680 4096
14080007 8192
14284767 12288
14393108 8192
14510126 12288
14704371 8192
14754673 12288
15017709 8192
15030238 12288
15329257 8192
15347541 12288
15646729 8192
15715664 12288
15959593 8192
16158649 12288
16270060 8192
16583137 4096
16705516 8192
16898582 4096
17209808 0
17440836 4096
17523680 0
18446297 4096
18458530 0
18622104 4096
18776584 0
18806909 4096
19011993 8192
19087391 4096
19238691 8192
19401506 4096
19487407 8192
19714782 4096
19763080 8192
20024694 4096
20076750 8192
20339491 4096
20442450 8192
20650429 4096
20885821 8192
20966530 4096
21276761 0
21435111 4096
21593436 0
22169707 4096
22217451 0
23170569 4096
23345974 8192
23466695 4096
23532099 8192
23732678 12288
23780071 8192
23958419 12288
24093041 8192
24202756 12288
24408851 8192
24479509 12288
24718513 8192
24793257 12288
25034382 8192
25162819 12288
25349500 8192
25600604 12288
25661001 8192
25974306 4096
26150660 8192
26284860 4096
26601534 0
26885096 4096
26909380 0
27885635 4096
28056988 8192
28166404 4096
28246563 8192
28451148 12288
28474424 8192
28676750 12288
28792480 8192
28926507 12288
29102384 8192
29201767 12288
29413648 8192
29518403 12288
29731547 8192
29884596 12288
30042439 8192
30323342 12288
30354035 8192
30670144 4096
30871237 8192
30983426 4096
31294875 0
31601624 4096
31605102 0
31760292 4096
31919087 0
31933822 4096
32117539 8192
32235470 4096
32319438 8192
32542780 12288
32543507 8192
32790907 12288
32858215 8192
33071422 12288
33171232 8192
33390058 12288
33484474 8192
33756726 12288
33795366 8192
34113599 4096
34199665 8192
34425844 4096
34739535 0
34748100 4096
35048300 0
35481704 4096
35678598 0
36487153 4096
36617607 0
36658396 4096
36846161 8192
36925998 4096
37053076 8192
37243764 4096
37273002 8192
37521858 12288
37553135 8192
37804343 12288
37867455 8192
38123335 12288
38180709 8192
38493445 4096
38493694 8192
38804924 4096
38936595 8192
39118749 4096
39434136 0
39484577 4096
39742909 0
40215725 4096
40373546 0
41220610 4096
41312436 0
41395800 4096
41581448 8192
41621666 4096
41783854 8192
41938543 4096
42004343 8192
42249287 4096
42249580 8192
42527757 12288
42559388 8192
42851377 12288
42872437 8192
43190537 4096
43222573 8192
43501655 4096
43662637 8192
43816570 4096
44129672 0
44211263 4096
44441024 0
44942733 4096
45068529 0
45944670 4096
46007411 0
46115180 4096
46298962 8192
46316966 4096
46502538 8192
46633514 4096
46727255 8192
46943987 4096
46972637 8192
47252402 12288
47254549 8192
47568215 4096
47572099 8192
47885565 4096
47941353 8192
48198524 4096
48382589 8192
48511558 4096
48824587 0
48931561 4096
49133329 0
49666510 4096
49760291 0
50672467 4096
50699082 0
50848379 4096
51015605 0
51031168 4096
51233381 8192
51327032 4096
51460061 8192
51641545 4096
51708846 8192
51954568 4096
51983335 8192
52267598 4096
52300803 8192
52580554 4096
52670611 8192
52893610 4096
53113520 8192
53206404 4096
53514965 0
53665789 4096
53832552 0
54399244 4096
54454145 0
55402838 4096
55578471 8192
55710546 4096
55765138 8192
55969053 12288
56018879 8192
56195578 12288
56334150 8192
56444601 12288
56649601 8192
56719740 12288
56959551 8192
57036639 12288
57275585 8192
57406648 12288
57588551 8192
57845790 12288
57899823 8192
58210018 4096
58394898 8192
58527537 4096
58840558 0
59129978 4096
59148490 0
60132321 4096
60307872 8192
60401020 4096
60493923 8192
60694062 12288
60713353 8192
60916499 12288
61026457 8192
61160608 12288
61340053 8192
61440159 12288
61657355 8192
61754424 12288
61970682 8192
62122874 12288
62283420 8192
62565826 12288
62591386 8192
62905281 4096
63118138 8192
63218680 4096
63535054 0
63848630 4096
64159654 0
64854741 4096
65026583 8192
65100403 4096
65213705 8192
65409649 4096
65414053 8192
65637046 12288
65726443 8192
65885072 12288
66039488 8192
66164925 12288
66350193 8192
66542192 12288
66665538 8192
66907243 12288
66973384 8192
67288083 4096
67345542 8192
67601745 4096
67894450 8192
67913199 4096
68230560 0
68622996 4096
68856583 0
69628982 4096
69795608 0
69801066 4096
69984558 8192
70108492 4096
70187669 8192
70408402 12288
70416645 8192
70660125 12288
70734406 8192
70936542 12288
71042916 8192
71251181 12288
71357468 8192
71621398 12288
71668383 8192
71986835 4096
72059807 8192
72299569 4096
72609769 0
72610850 4096
72921728 0
73344603 4096
73550767 0
74346248 4096
74490535 0
74518818 4096
74706462 8192
74803455 4096
74911491 8192
75116605 4096
75131428 8192
75377200 12288
75425920 8192
75656127 12288
75737604 8192
75974931 12288
76053964 8192
76343704 12288
76363401 8192
76676619 4096
76786649 8192
76993327 4096
77307550 0
77334513 4096
77620579 0
78069659 4096
78246512 0
79071923 4096
79185473 0
79246472 4096
79433359 8192
79498393 4096
79640039 8192
79811572 4096
79861558 8192
80110367 12288
80119395 8192
80389975 12288
80432928 8192
80708825 12288
80745773 8192
81060086 4096
81160434 8192
81372255 4096
81602271 8192
81686205 4096
82001659 0
82150466 4096
82315525 0
82885277 4096
82938782 0
83886613 4096
84060472 8192
84193544 4096
84249394 8192
84450298 12288
84502158 8192
84677262 12288
84818947 8192
84926189 12288
85128141 8192
85202301 12288
85444730 8192
85519698 12288
85753967 8192
85885876 12288
86068956 8192
86379335 4096
86692316 0
