0 2048
326885 4096
445386 6144
580845 8192
618647 4096
722877 6144
872576 8192
931983 4096
1033299 6144
1201691 8192
1245657 4096
1386496 6144
1560881 2048
1586901 4096
1808185 6144
1870131 2048
2054563 4096
2186924 0
2330763 2048
2644214 4096
2809816 0
3018115 2048
3456007 4096
3750897 0
4020434 2048
4752532 4096
5002562 0
5758102 2048
6763753 4096
6878583 0
7766964 2048
8768212 4096
9070102 0
9771771 2048
10776541 4096
10949020 0
11779770 2048
11896220 4096
12019249 6144
12153657 8192
12199508 4096
12294272 6144
12444224 8192
12517209 4096
12603246 6144
12772536 8192
12825150 4096
12956947 6144
13143482 2048
13156539 4096
13376396 6144
13451385 2048
13622792 4096
13765580 0
13900081 2048
14214519 4096
14390160 0
14588128 2048
15030732 4096
15331632 0
15593142 2048
16320663 4096
16582073 0
17326484 2048
18332248 4096
18460423 0
19335558 2048
20338393 4096
20650454 0
21338979 2048
22342980 4096
22529502 0
23348980 2048
23470626 4096
23598065 6144
23729626 8192
23780977 4096
23871652 6144
24019685 8192
24093440 4096
24195363 6144
24369561 8192
24406642 4096
24555310 6144
24719521 2048
24755800 4096
24975276 6144
25036296 2048
25222900 4096
25345658 0
25497510 2048
25812619 4096
25971278 0
26184775 2048
26622298 4096
26910738 0
27183948 2048
28184304 4096
28475152 0
29184788 2048
30185116 4096
30353385 0
31186521 2048
32188041 4096
32231096 0
33188604 2048
34189152 4096
34422473 0
35189704 2048
35306067 4096
35361117 0
35428392 2048
35557703 4096
35676672 0
35697004 2048
35845652 4096
35987142 0
36004289 2048
36172713 4096
36300357 0
36357426 2048
36556819 4096
36613075 0
36778259 2048
37023280 4096
37239694 0
37300873 2048
37615155 4096
37865538 0
37986145 2048
38423941 4096
38491123 0
38986592 2048
39717904 4096
39743686 0
40720129 2048
41720490 4096
41936652 0
42723522 2048
43724830 4096
43817315 0
44729827 2048
45732533 4096
46005146 0
46736823 2048
46854794 4096
46945701 0
46982451 2048
47112218 4096
47253314 6144
47255389 2048
47404659 4096
47562295 6144
47568300 2048
47734357 4096
47882403 0
47917327 2048
48119548 4096
48196341 0
48346112 2048
48590861 4096
48823294 0
48869710 2048
49185911 4096
49451241 0
49638195 2048
50076857 4096
50390164 0
50643737 2048
51371429 4096
51637202 0
52373146 2048
53373701 4096
53520050 0
54374839 2048
55375684 4096
55393243 0
56376629 2048
57378606 4096
57587194 0
58381140 2048
58499910 4096
58526298 0
58622562 2048
58756104 4096
58837040 0
58899782 2048
59050111 4096
59152000 0
59214616 2048
59388528 4096
59462676 0
59577025 2048
59777023 4096
60002114 6144
60091947 2048
60251411 4096
60406352 0
60527551 2048
60841636 4096
61027433 0
61213781 2048
61776042 4096
61971171 0
62338296 2048
63066090 4096
63219710 0
64067654 2048
65068251 4096
65096272 0
66071396 2048
67077465 4096
67290415 0
68079821 2048
69082744 4096
69168815 0
69188408 2048
69305388 4096
69433386 6144
69479479 2048
69568497 4096
69711138 6144
69791168 2048
69863897 4096
70025411 6144
70105834 2048
70201054 4096
70386334 6144
70418719 2048
70588024 4096
70730659 0
70813024 2048
71058780 4096
71336953 6144
71356722 2048
71659256 4096
71669307 0
72024907 2048
72462678 4096
72608177 0
73024695 2048
73752677 4096
73865220 0
74754200 2048
75754765 4096
76054570 0
76755639 2048
77761571 4096
77934310 0
78762603 2048
79764762 4096
79808161 0
80767443 2048
80883837 4096
81006185 6144
81060220 2048
81139810 4096
81277859 6144
81372803 2048
81428823 4096
81590241 6144
81685289 2048
81765880 4096
81953444 6144
81998145 2048
82155409 4096
82316270 0
82376168 2048
82623887 4096
82624330 0
82904990 2048
83222404 4096
83250730 0
83536902 2048
83983892 4096
84189208 0
84547215 2048
85301154 4096
85441218 0
86032925 2048
87034667 4096
87322489 0
88037675 2048
89040021 4096
89202281 0
90040761 2048
91041982 4096
91075154 0
92043862 2048
92154390 4096
92270752 6144
92328547 2048
92398200 4096
92539765 6144
92640265 2048
92677306 4096
92840003 6144
92958179 2048
92996701 4096
93182239 6144
93268424 2048
93368433 4096
93579572 0
93591963 2048
93843512 4096
93893630 0
94092243 2048
94410279 4096
94521588 0
94724321 2048
95176294 4096
95460460 0
95617078 2048
96370402 4096
96396112 0
97098951 2048
98101984 4096
98278016 0
99103138 2048
100107050 4096
100152987 0
101108730 2048
102110160 4096
102344128 0
103112247 2048
103218446 4096
103285104 0
103336000 2048
103466282 4096
103596828 0
103599995 2048
103738815 4096
103889409 6144
103908205 2048
104048567 4096
104226255 0
104234823 2048
104442043 4096
104534783 0
104666024 2048
104914526 4096
105159530 6144
105160176 2048
105437644 4096
105478190 0
105809813 2048
106248034 4096
106413153 0
106690940 2048
107443556 4096
107669268 0
108171846 2048
109172375 4096
109229990 0
110173251 2048
111174033 4096
111422598 0
112175109 2048
113176405 4096
113303269 0
114178992 2048
114285090 4096
114404414 6144
114527396 8192
114550276 4096
114660387 6144
114812909 8192
114865120 4096
114964134 6144
115139860 8192
115176109 4096
115309073 6144
115494233 2048
115510576 4096
115735584 6144
115802741 2048
115956705 4096
116117502 0
116239270 2048
116559394 4096
116741188 0
116873080 2048
117320564 4096
117367265 0
117758864 2048
118510926 4096
118619295 0
119237887 2048
120238707 4096
120499087 0
121239773 2048
122240561 4096
122375524 0
123246499 2048
124249163 4096
124253427 0
125252324 2048
125358742 4096
125475956 6144
125506558 2048
125599469 4096
125742877 6144
125821332 2048
125882122 4096
126044510 6144
126134105 2048
126203323 4096
126389279 6144
126445190 2048
126571860 4096
126757664 0
126793702 2048
127040243 4096
127070309 0
127287935 2048
127606868 4096
127698487 0
127921533 2048
128370454 4096
128635932 0
128808787 2048
129561553 4096
129574560 0
130288101 2048
131289393 4096
131457207 0
132290170 2048
133291747 4096
133330269 0
134295673 2048
135300177 4096
135523031 0
136302355 2048
136407884 4096
136461094 0
136525634 2048
136660046 4096
136773888 0
136791294 2048
136939237 4096
137086212 0
137086971 2048
137262605 4096
137402404 0
137431200 2048
137632849 4096
137714539 0
137835897 2048
138083199 4096
138328489 6144
138338863 2048
138607231 4096
138651211 0
138980564 2048
139429039 4096
139594775 0
139870191 2048
140622593 4096
140843139 0
141351372 2048
142353305 4096
142408071 0
143354190 2048
144356424 4096
144598894 0
145357616 2048
146358230 4096
146476830 0
147359167 2048
147467681 4096
147586768 6144
147710162 8192
147728123 4096
147839744 6144
147990498 8192
148044791 4096
148138816 6144
148309233 8192
148355983 4096
148479643 6144
148670659 2048
148683254 4096
148909919 6144
148980687 2048
149157106 4096
149298153 0
149434920 2048
149754370 4096
149922837 0
150074114 2048
150521691 4096
150545114 0
150959518 2048
151712259 4096
151797362 0
152438781 2048
153443790 4096
153676165 0
154445409 2048
155448538 4096
155553441 0
156450239 2048
157451354 4096
157749286 0
158453445 2048
158559644 4096
158677428 6144
158683144 2048
158802500 4096
158945947 6144
158996913 2048
159086444 4096
159244704 6144
159310076 2048
159402330 4096
159591863 6144
159626928 2048
159779542 4096
159940215 0
160002021 2048
160253540 4096
160502109 6144
160561338 2048
160784945 4096
160874983 0
161161910 2048
161610031 4096
161814838 0
162051652 2048
162805180 4096
163066450 0
163534413 2048
164536872 4096
164630324 0
165537428 2048
166540513 4096
166821201 0
167545529 2048
168548266 4096
168702366 0
169551758 2048
169662132 4096
169783714 6144
169906413 8192
169952032 4096
170040729 6144
170190904 8192
170264974 4096
170337509 6144
170508104 8192
170578840 4096
170678258 6144
170882215 8192
170890226 4096
171082999 6144
171203255 2048
171334720 4096
171517508 0
171613165 2048
171932712 4096
172142797 0
172247013 2048
172696921 4096
172769351 0
173136520 2048
173891048 4096
174021591 0
174620696 2048
175623465 4096
175901419 0
176624518 2048
177625112 4096
177778015 0
178626463 2048
179630964 4096
179654138 0
180633416 2048
180738580 4096
180854995 6144
180906110 2048
180977644 4096
181118313 6144
181219676 2048
181255838 4096
181418295 6144
181534484 2048
181574967 4096
181760353 6144
181846085 2048
181943412 4096
182159112 0
182165614 2048
182413962 4096
182471491 0
182658302 2048
182976268 4096
183098777 0
183290230 2048
183737173 4096
184039506 0
184176345 2048
184928990 4096
184976299 0
185661117 2048
186663620 4096
186855189 0
187670149 2048
188673034 4096
188733327 0
189674222 2048
190680324 4096
190927242 0
191681189 2048
191787947 4096
191862116 0
191904698 2048
192034615 4096
192164206 6144
192178354 2048
192302965 4096
192465329 6144
192487373 2048
192627019 4096
192800568 0
192814480 2048
193021059 4096
193114169 0
193225587 2048
193472695 4096
193719707 6144
193739440 2048
193999298 4096
194052813 0
194371154 2048
194821349 4096
194991219 0
195260390 2048
196012103 4096
196248500 0
196741377 2048
197747769 4096
197812393 0
198749270 2048
199753168 4096
200000006 0
200757832 2048
201760065 4096
201882276 0
202764537 2048
202870194 4096
202986688 6144
203109847 8192
203129166 4096
203244677 6144
203397147 8192
203443553 4096
203544207 6144
203720140 8192
203755558 4096
203890390 6144
204073271 2048
204092989 4096
204315662 6144
204381405 2048
204536105 4096
204695667 0
204815679 2048
205137772 4096
205320308 0
205514124 2048
205965958 4096
206264269 0
206529981 2048
207282642 4096
207512659 0
