0 2468
329023 4936
462507 7404
611794 9872
616101 5776
775864 8244
933917 4148
946136 6616
1134541 9084
1242077 4988
1342253 7456
1555169 3360
1565145 5828
1810069 8296
1867657 4200
2095050 6668
2181627 2572
2411446 5040
2493734 944
2784709 3412
3231142 5880
3436635 1784
3802067 4252
4059876 156
4541157 2624
5546975 5092
5624434 996
6548737 3464
7554136 5932
7819677 1836
8560178 4304
8753581 208
9562132 2676
9694834 5144
9839650 7612
9990488 10080
10005551 5984
10150304 8452
10321881 4356
10322066 6824
10511611 9292
10636575 5196
10716862 7664
10944893 3568
10945127 6036
11196800 8504
11258438 4408
11484806 6876
11572114 2780
11808806 5248
11885172 1152
12186402 3620
12640052 6088
12827741 1992
13222973 4460
13453694 364
13983260 2832
14984621 5300
15016201 1204
15990276 3672
16991340 6140
17205093 2044
17992517 4512
18143806 416
18998401 2884
19133552 5352
19278259 7820
19399660 3724
19428620 6192
19593164 8660
19711970 4564
19772340 7032
19963323 9500
20024338 5404
20174164 7872
20335311 3776
20402727 6244
20652732 2148
20658179 4616
20941634 7084
20961231 2988
21275147 5456
21591793 1360
21658599 3828
22120256 6296
22217612 2200
22717229 4668
22843673 572
23503978 3040
24504543 5508
24719329 1412
25510519 3880
26512178 6348
26596700 2252
27517868 4720
27533771 624
28519786 3092
28657590 5560
28785578 1464
28799236 3932
28953822 6400
29103671 2304
29118381 4772
29295998 7240
29416623 3144
29489160 5612
29698919 8080
29725131 3984
29929536 6452
30042611 2356
30186651 4824
30355691 728
30476426 3196
30803893 5664
30981226 1568
31196780 4036
31664495 6504
31919789 2408
32272675 4876
32546681 780
33083112 3248
34086705 5716
34107575 1620
35091458 4088
36097219 6556
36302707 2460
37101801 4928
37236570 832
38107571 3300
38246243 5768
38392898 8236
38490798 4140
38547565 6608
38714398 9076
38802482 4980
38895034 7448
39084896 9916
39114535 5820
39298967 8288
39432755 4192
39532616 6660
39742646 2564
39787405 5032
40057067 936
40075335 3404
40407118 5872
40682719 1776
40808107 4244
40996856 148
41285469 2616
41888933 5084
41931532 988
42759751 3456
43761828 5924
43811396 1828
44763410 4296
45066652 200
45766929 2668
46769588 5136
46942293 1040
47770473 3508
47910095 5976
48057822 8444
48193663 4348
48214456 6816
48381981 9284
48507888 5188
48561642 7656
48757457 10124
48819727 6028
48992647 8496
49135805 4400
49225873 6868
49448740 2772
49483758 5240
49761700 1144
49774669 3612
50113490 6080
50387689 1984
50522344 4452
50701060 356
51010284 2824
51633251 5292
51634582 1196
52530973 3664
53531850 6132
53830676 2036
54533971 4504
54769907 408
55536222 2876
56538577 5344
56647632 1248
57540122 3716
57675146 6184
57818648 8652
57894597 4556
57984308 7024
58150557 9492
58208886 5396
58333214 7864
58521359 3768
58525560 6236
58740215 8704
58838578 4608
58975984 7076
59150231 2980
59236240 5448
59460129 1352
59535870 3820
59876487 6288
60090371 2192
60291716 4660
60400143 564
60784893 3032
61421103 5500
61655720 1404
62351383 3872
63354621 6340
63529939 2244
64358348 4712
64472850 616
65360924 3084
66362326 5552
66658952 1456
67364589 3924
67505885 6392
67598100 2296
67653453 4764
67811002 7232
67910846 3136
67978790 5604
68161250 8072
68228524 3976
68360991 6444
68541739 2348
68572495 4816
68812314 7284
68854299 3188
69078044 5656
69167548 1560
69377472 4028
69725997 6496
69789031 2400
70144183 4868
70419754 772
70650074 3240
71302126 5708
71355276 1612
72267678 4080
73268983 6548
73545035 2452
74277136 4920
74484112 824
75278238 3292
76279280 5760
76362275 1664
77280935 4132
77301214 36
77420908 2504
77567433 4972
77613967 876
77725521 3344
77892120 5812
77928132 1716
78076137 4184
78242366 88
78270956 2556
78489769 5024
78555740 928
78735170 3396
79000521 5864
79183762 1768
79308495 4236
79492337 140
79662540 2608
80082252 5076
80117967 980
80606179 3448
81271636 5916
81374649 1820
82276540 4288
82309198 192
83281239 2660
84284806 5128
84504690 1032
85287193 3500
86293023 5968
86379863 1872
87293826 4340
87316908 244
87436326 2712
87584430 5180
87633439 1084
87741010 3552
87910185 6020
87942536 1924
88091677 4392
88260745 296
88290012 2764
88507800 5232
88573548 1136
88753352 3604
89021675 6072
89199899 1976
89336187 4444
89508274 348
89690838 2816
90112404 5284
90135385 1188
90652395 3656
91334739 6124
91388245 2028
92338332 4496
92642820 400
93344260 2868
94350154 5336
94517103 1240
95355983 3708
96358261 6176
96394698 2080
97363883 4548
97503473 7016
97650685 2920
97655361 5388
97809532 7856
97963238 3760
97978323 6228
98165388 8696
98273258 4600
98385774 7068
98585160 2972
98602603 5440
98846368 7908
98899613 3812
99122705 6280
99215583 2184
99435730 4652
99528561 556
99799652 3024
100227827 5492
100467691 1396
100775442 3864
101476120 6332
101719701 2236
102481030 4704
102658673 608
103482563 3076
104485430 5544
104533757 1448
105488560 3916
106493014 6384
106723426 2288
107497341 4756
107641089 7224
107662291 3128
107792198 5596
107948681 8064
107974525 3968
108118324 6436
108291922 2340
108302459 4808
108506268 7276
108604738 3180
108732864 5648
108913793 1552
108975922 4020
109249389 6488
109541465 2392
109567954 4860
109852604 764
109934024 3232
110369108 5700
110479148 1604
110932105 4072
111654352 6540
111733888 2444
112659472 4912
112669553 816
113665739 3284
114671397 5752
114861184 1656
115676652 4124
115799595 28
116678433 2496
116814037 4964
116957851 7432
117054483 3336
117105352 5804
117267360 8272
117367259 4176
117442909 6644
117628388 9112
117678912 5016
117831027 7484
117991869 3388
118051571 5856
118299261 8324
118303553 4228
118583448 6696
118616833 2600
118900040 5068
118929874 972
119268898 3440
119715085 5908
119873688 1812
120289978 4280
120496359 184
121034860 2652
122035588 5120
122061149 1024
123039600 3492
124045473 5960
124255678 1864
125048910 4332
125191986 236
126054287 2704
126190832 5172
126335531 7640
126445769 3544
126485560 6012
126649092 8480
126758583 4384
126822685 6852
127008652 9320
127072554 5224
127218510 7692
127381656 3596
127441977 6064
127692357 8532
127693684 4436
127976745 6904
128007507 2808
128301980 5276
128319591 1180
128680988 3648
129136499 6116
129261678 2020
129724491 4488
129885513 392
130491400 2860
131493440 5328
131767566 1232
132499955 3700
133501954 6168
133643027 2072
134505809 4540
134584088 444
135507492 2912
135642421 5380
135788107 7848
135831553 3752
135942028 6220
136106523 8688
136144522 4592
136284300 7060
136462732 2964
136473173 5432
136681974 7900
136775580 3804
136909167 6272
137085555 2176
137163793 4644
137397182 548
137448514 3016
137777649 5484
138022726 1388
138168104 3856
138630881 6324
138649200 2228
139227517 4696
139276296 600
140013174 3068
141014851 5536
141153530 1440
142019060 3908
143024695 6376
143030523 2280
144030627 4748
144284399 652
145034575 3120
145168019 5588
145222291 1492
145308973 3960
145458967 6428
145539603 2332
145625517 4800
145803229 7268
145848468 3172
145993453 5640
146165755 1544
146199034 4012
146426595 6480
146477539 2384
146687740 4852
146791643 756
146977599 3224
147310307 5692
147417244 1596
147707411 4064
148174937 6532
148356746 2436
148789952 4904
148978523 808
149599629 3276
150603196 5744
150858919 1648
151608349 4116
151794653 20
152614257 2488
153619425 4956
153672537 860
154620215 3328
154758958 5796
154902294 8264
154925138 4168
155055778 6636
155219259 9104
155237837 5008
155400074 7476
155550566 3380
155589901 5848
155801451 8316
155867798 4220
156036696 6688
156178409 2592
156296522 5060
156490119 964
156590216 3432
156926931 5900
157115701 1804
157326971 4272
157433634 176
157805686 2644
158415526 5112
158683420 1016
159291511 3484
160294320 5952
160560553 1856
161300763 4324
161502628 228
162306958 2696
163309756 5164
163375965 1068
164315604 3536
164455321 6004
164601638 8472
164627916 4376
164759234 6844
164927032 9312
164940540 5216
165108740 7684
165254129 3588
165301310 6056
165510598 8524
165569243 4428
165745581 6896
165883593 2800
166044357 5268
166197735 1172
166341898 3640
166679091 6108
166823706 2012
167088970 4480
167133331 384
167576171 2852
168198392 5320
168387009 1224
169101725 3692
170104018 6160
170266757 2064
171109791 4532
171203369 436
172110363 2904
173112840 5372
173392672 1276
174119368 3744
174260384 6212
174335421 2116
174409078 4584
174561558 7052
174645083 2956
174731194 5424
174912887 7892
174956525 3796
175111677 6264
175274716 2168
175324842 4636
175560721 7104
175582558 3008
175829712 5476
175897063 1380
176130136 3848
176475984 6316
176523817 2220
176891756 4688
177151493 592
177386264 3060
178022578 5528
178091576 1432
178959764 3900
179962888 6368
179964531 2272
180964095 4740
181218325 644
181968426 3112
182970723 5580
183099718 1484
183976376 3952
184117478 6420
184277785 8888
184347562 4792
184432806 7260
184604086 9728
184660273 5632
184783713 8100
184974365 4004
184977225 6472
185190500 8940
185290618 4844
185433957 7312
185603763 3216
185696786 5684
185916658 1588
185994743 4056
186344543 6524
186540458 2428
186765629 4896
186855555 800
187270634 3268
188242171 5736
188418290 1640
189213855 4108
189358096 12
190220011 2480
191225663 4948
191233230 852
192230517 3320
193233614 5788
193427227 1692
194236738 4160
194367680 64
194373376 2532
194517912 5000
194678233 904
194680757 3372
194849406 5840
194988929 1744
195050046 4212
195249723 6680
195305207 2584
195470672 5052
195615340 956
195710746 3424
195981499 5892
196245659 1796
196336851 4264
196558753 168
196691745 2636
197107378 5104
197184600 1008
197633251 3476
198305191 5944
198436734 1848
199310670 4316
199373732 220
200315857 2688
201317259 5156
201566688 1060
202323115 3528
203326599 5996
203444622 1900
204331285 4368
204381381 272
204470709 2740
204620340 5208
204696573 1112
204776926 3580
204948641 6048
205006415 1952
205135396 4420
205322702 324
205334271 2792
205552102 5260
205631017 1164
205798722 3632
206071645 6100
206261754 2004
206386398 4472
206571896 376
206745353 2844
207168792 5312
207195530 1216
207881027 3684
208568905 6152
208765708 2056
209571230 4524
209704833 428
210572634 2896
211578110 5364
211895709 1268
212584001 3736
213586624 6204
213770416 2108
214588046 4576
214712699 480
214726680 2948
214872956 5416
215021021 1320
215031244 3788
215203932 6256
215334309 2160
215389660 4628
215592482 7096
215647499 3000
215817547 5468
215963767 1372
216060703 3840
216332274 6308
216586414 2212
216650171 4680
216902860 584
217008699 3052
217439048 5520
217529587 1424
217990496 3892
218696704 6360
218776587 2264
219703344 4732
219715552 636
220709194 3104
221713123 5572
221909658 1476
222716573 3944
223719472 6412
223789540 2316
224722542 4784
224723762 688
224863582 3156
225010384 5624
225037423 1528
225172977 3996
225346832 6464
225350107 2368
225536972 4836
225667638 740
225742244 3208
225965849 5676
225975705 1580
226218053 4048
226496751 6516
226605744 2420
226819595 4888
226916074 792
227188593 3260
227629593 5728
227858712 1632
228189260 4100
228484776 4
228917261 2472
229923111 4940
230049642 844
230929415 3312
231930894 5780
232235932 1684
232937139 4152
233179754 56
233938941 2524
234075883 4992
234113759 896
234219795 3364
234372327 5832
234427171 1736
234535945 4204
234711129 6672
234739537 2576
234901701 5044
235057686 948
235102747 3416
235324976 5884
235366000 1788
235578455 4256
235683723 160
235859669 2628
236176144 5096
236309802 1000
236557017 3468
237000710 5936
237244058 1840
237577803 4308
237870970 212
238321709 2680
239327000 5148
239435436 1052
240329834 3520
241335437 5988
241630729 1892
242337128 4360
242570031 264
243338935 2732
243473007 5200
243507929 1104
243617699 3572
243770534 6040
243816535 1944
243930203 4412
244105690 6880
244129601 2784
244297643 5252
244447640 1156
244502114 3624
244729845 6092
244756491 1996
244985793 4464
245069530 368
245271153 2836
245594967 5304
245699669 1208
245980970 3676
246433056 6144
246635591 2048
247022114 4516
247260395 420
247789711 2888
248791228 5356
248825769 1260
249792252 3728
250797942 6196
251019769 2100
251802118 4568
251959954 472
252807309 2940
252945342 5408
253096982 7876
253211684 3780
253246747 6248
253411255 8716
253524719 4620
253589892 7088
253778503 9556
253834364 5460
253989222 7928
254146000 3832
254218931 6300
254462819 2204
254471047 4672
254758789 7140
254771611 3044
255093897 5512
255402436 1416
255478491 3884
255939555 6352
256028572 2256
256542456 4724
256654633 628
257334517 3096
258340080 5564
258528310 1468
259345822 3936
260348948 6404
260410617 2308
261352802 4776
261657735 680
262356590 3148
262495325 5616
262601692 1520
262638071 3988
262805184 6456
262911272 2360
262970228 4828
263149078 7296
263222561 3200
263343770 5668
263540747 1572
263550452 4040
263777570 6508
263849349 2412
264036229 4880
264162264 784
264327336 3252
264660243 5720
264792678 1624
265058164 4092
265525792 6560
265731740 2464
266142757 4932
266357748 836
266957993 3304
267960820 5772
268235742 1676
268963002 4144
269173590 48
269964316 2516
270966854 4984
271052639 888
271971005 3356
272109792 5824
272253100 8292
272302171 4196
272404856 6664
272566989 9132
272615126 5036
272744955 7504
272930711 3408
272935043 5876
273147784 8344
273239694 4248
273384733 6716
273553643 2620
273645774 5088
273869756 992
273939361 3460
274274278 5928
274495720 1832
274678395 4300
274808698 204
275159386 2672
275771119 5140
276060740 1044
276651156 3512
277652563 5980
277938714 1884
278654294 4352
278877646 256
279655301 2724
280661188 5192
280753489 1096
281662640 3564
281802466 6032
281945605 8500
282003197 4404
282097867 6872
282263043 9340
282318308 5244
282440569 7712
282631600 3616
282631847 6084
282844773 8552
282942612 4456
283057742 6924
283259726 2828
283319993 5296
283569999 1200
283617499 3668
283961078 6136
284194287 2040
284303030 4508
284511900 412
284804112 2880
285448603 5348
285759059 1252
286075754 3720
287081391 6188
287328676 2092
288087548 4560
288267631 464
289089388 2932
290090629 5400
290142234 1304
291096498 3772
291223223 6240
291362615 8708
291392533 4612
291509233 7080
291678473 9548
291706437 5452
291846974 7920
292022799 3824
292044041 6292
292261658 8760
292331855 4664
292475367 7132
292649704 3036
292739798 5504
292962712 1408
293044524 3876
293395142 6344
293586075 2248
293741803 4716
293901726 620
294251598 3088
294911009 5556
295149385 1460
295552692 3928
296554170 6396
296718745 2300
297555185 4768
297657663 672
298556799 3140
299558171 5608
299845439 1512
300559602 3980
300681912 6448
300782485 2352
300817526 4820
300972028 7288
301097501 3192
301125650 5660
301305121 8128
301408539 4032
301482771 6500
301697462 8968
301723811 4872
301910648 7340
302035793 3244
302175975 5712
302349093 1616
302478779 4084
302830834 6552
302975494 2456
303176275 4924
303286766 828
303690995 3296
304365618 5764
304538493 1668
305017600 4136
305173206 40
306019460 2508
307029670 4976
307042536 880
308037424 3348
309042187 5816
309233650 1720
310044899 4188
310172534 92
310175529 2560
310310696 5028
310459434 7496
310485725 3400
310615592 5868
310801024 1772
310801455 4240
310999599 6708
311116675 2612
311194433 5080
311429745 984
311434569 3452
311709246 5920
311738059 1824
311979114 4292
312053432 196
312340188 2664
312764745 5132
312994804 1036
313180860 3504
313874265 5972
313929353 1876
314546376 4344
314554672 248
315550179 2716
316553732 5184
316750820 1088
317555098 3556
318557073 6024
318624574 1928
319558393 4396
319562561 300
319687580 2768
319838404 5236
319875529 1140
319983341 3608
320151884 6076
320189501 1980
320323505 4448
320502004 352
320524076 2820
320746638 5288
320817914 1192
320967321 3660
321244175 6128
321445754 2032
321517929 4500
321756856 404
321884325 2872
322315518 5340
322382969 1244
322743556 3712
323457220 6180
323631667 2084
324146602 4552
324258702 456
325149063 2924
326154871 5392
326450181 1296
327158785 3764
328164875 6232
328327793 2136
329170709 4604
329266856 508
329298828 2976
329445439 5444
329583691 1348
329591536 3816
329765172 6284
329896671 2188
329932850 4656
330137424 7124
330209655 3028
330362591 5496
330523273 1400
330606686 3868
330886268 6336
331145674 2240
331158909 4708
331461228 612
331525599 3080
331970328 5548
332087791 1452
332405498 3920
333138642 6388
333335480 2292
333844916 4760
333960563 664
334845863 3132
335849362 5600
336153580 1504
336855514 3972
337856482 6440
338031872 2344
338858612 4812
338973786 716
338983489 3184
339136375 5652
339281557 1556
339284394 4024
339458324 6492
339595309 2396
339626738 4864
339828983 7332
339909092 3236
340030589 5704
340225724 1608
340279140 4076
340557980 6544
340834684 9012
340846605 4916
341153115 7384
341159606 3288
341599056 5756
341790685 1660
342161683 4128
342415344 32
342915033 2500
343919822 4968
343978839 872
344921918 3340
345927985 5808
346172856 1712
346934968 4180
347111730 84
347940725 2552
348064522 5020
348201195 7488
348340035 9956
348358583 5860
348489385 8328
348666215 10796
348671588 6700
348840152 9168
348989734 5072
349043555 7540
349272318 10008
349297530 5912
349499227 8380
349615609 4284
349785135 6752
349928708 2656
350112152 5124
350241657 1028
350494104 3496
350952018 5964
351180737 1868
351398419 4336
351493577 240
352170539 2708
353171777 5176
353371728 1080
354177718 3548
355179274 6016
355249576 1920
356185386 4388
356499117 292
357187290 2760
357310822 5228
357439863 1132
357442802 3600
357593023 6068
357745851 8536
357749257 4440
357911093 6908
358066716 2812
358101690 5280
358309631 7748
358375766 3652
358517623 6120
358692684 2024
358768614 4492
359005693 396
359054942 2864
359385779 5332
359628140 1236
359711421 3704
360178252 6172
360253651 2076
360636614 4544
360883713 448
361438846 2916
362440164 5384
362444088 1288
363443803 3756
364445543 6224
364639104 2128
365449526 4596
365578688 500
366450721 2968
366575372 5436
366710348 7904
366830649 3808
366850878 6276
367014351 8744
367143727 4648
367174303 7116
367367752 9584
367456559 5488
367559539 7956
367769687 3860
367789837 6328
368048516 8796
368077760 4700
368304383 7168
368394753 3072
368639520 5540
368703625 1444
369028721 3912
369501750 6380
369647777 2284
369961761 4752
370273774 656
370782697 3124
371788788 5592
371833603 1496
372794876 3964
373800249 6432
374029669 2336
374805905 4804
374963631 708
375811844 3176
375934795 5644
376068208 8112
376211314 10580
376216068 6484
376367152 8952
376533739 4856
376543616 7324
376738546 9792
376846582 5696
376929323 8164
377155633 4068
377159500 6536
377416657 9004
377469905 4908
377670148 7376
377785650 3280
378004146 5748
378095814 1652
378403682 4120
378406575 24
378888793 2492
379507625 4960
379663654 864
380107546 3332
381112285 5800
381228673 1704
382118073 4172
382165267 76
383122833 2544
384125475 5012
384353811 916
385129185 3384
385254745 5852
385294632 1756
385390061 4224
385544138 6692
385608835 2596
385699889 5064
385875826 7532
385921034 3436
386054429 5904
386236846 1808
386264035 4276
386496886 6744
386546769 2648
386731492 5116
386862705 1020
387029638 3488
387368168 5956
387488724 1860
387705947 4328
387799042 232
388196578 2700
388829596 5168
389053540 1072
389443664 3540
390449423 6008
390618746 1912
391456054 4380
391557608 284
392460579 2752
393462290 5220
393744381 1124
394468235 3592
394594977 6060
394682557 1964
394730295 4432
394883813 6900
394995981 2804
395035775 5272
395217479 7740
395309985 3644
395396163 6112
395611920 8580
395622168 4484
395822044 6952
395939653 2856
396082698 5324
396248436 1228
396384633 3696
396732340 6164
396878751 2068
397074324 4536
397191646 440
397576207 2908
398225181 5376
398440145 1280
398853815 3748
399859537 6216
400003821 2120
400865521 4588
400943750 492
401867219 2960
402873193 5428
403137359 1332
403878657 3800
404002650 6268
404075471 2172
404143259 4640
404301870 7108
404388978 3012
404459359 5480
404642975 7948
404698667 3852
404824705 6320
405014467 2224
405037385 4692
405278114 7160
405327868 3064
405512103 5532
405642634 1436
405817088 3904
406165341 6372
406263794 2276
406579033 4744
406890683 648
407088613 3116
407753153 5584
407833556 1488
408392926 3956
409396809 6424
409709625 2328
410402723 4796
410645794 700
411408015 3168
412409543 5636
412528725 1540
413412051 4008
413539564 6476
413678738 8944
413780688 4848
413824836 7316
413995555 9784
414093557 5688
414160815 8156
414357369 10624
414403622 6528
414572741 8996
414719633 4900
414814954 7368
415032749 3272
415083422 5740
415345768 1644
415387713 4112
415656215 16
415744565 2484
416166153 4952
416284672 856
416581673 3324
417261443 5792
417532607 1696
417917830 4164
418159214 68
418923840 2536
419929662 5004
420038101 908
420931205 3376
421937089 5844
422231737 1748
422943141 4216
423066437 6684
423166084 2588
423203141 5056
423361850 7524
423483701 3428
423520541 5896
423705693 8364
423792875 4268
423890249 6736
424105468 2640
424106966 5108
424350312 7576
424422562 3480
424593608 5948
424730576 1852
424901174 4320
425046167 224
425263147 2692
425693663 5160
425987742 1064
426112472 3532
426810289 6000
426926711 1904
427487182 4372
427549965 276
428489836 2744
429491130 5212
429743577 1116
430493658 3584
431498144 6052
431621684 1956
432503963 4424
432556506 328
432631704 2796
432782292 5264
432872531 1168
432928822 3636
433102446 6104
433182423 2008
433269768 4476
433471966 6944
433496617 2848
433673640 5316
433812740 1220
433920323 3688
434196092 6156
434434089 2060
434465137 4528
434751811 432
434827895 2900
435262974 5368
435373188 1272
435691111 3740
436407743 6208
436626702 2112
437102507 4580
437255699 484
438108776 2952
439113182 5420
439129413 1324
440115539 3792
441117785 6260
441319817 2164
442121019 4632
442250771 7100
442258596 3004
442394005 5472
442556762 7940
442572034 3844
442712921 6312
442889738 2216
442898213 4684
443103883 7152
443198475 3056
443326646 5524
443511818 1428
443572368 3896
443848516 6364
444123342 8832
444136646 4736
444439535 7204
444449627 3108
444881016 5576
445075929 1480
445435188 3948
446169796 6416
446327872 2320
446878720 4788
446954384 692
447880488 3160
448885910 5628
449144619 1532
449889597 4000
450892561 6468
451022654 2372
451895981 4840
451961675 744
452021253 3212
452168862 5680
452274995 1584
452316107 4052
452487277 6520
452592539 2424
452658473 4892
452859968 7360
452903215 3264
453064441 5732
453218552 1636
453316251 4104
453531581 8
453595077 2476
453913884 4944
454152585 848
454228353 3316
454679854 5784
454783544 1688
455122983 4156
455405822 60
455880518 2528
456883229 4996
456973553 900
457889482 3368
458893541 5836
459161571 1740
459898726 4208
460104734 112
460902523 2580
461026107 5048
461038555 952
461157637 3420
461307039 5888
461353347 1792
461456676 4260
461628984 6728
461665254 2632
461804281 5100
461978552 1004
462012040 3472
462238793 5940
462292122 1844
462465018 4312
462608631 216
462750925 2684
463078764 5152
463231295 1056
463400963 3524
463860714 5992
464170011 1896
464311606 4364
464482464 268
465086532 2736
466088920 5204
466364701 1108
467091323 3576
468093653 6044
468237607 1948
469099757 4416
469177785 320
470101445 2788
470235995 5256
470367822 7724
470428874 3628
470507224 6096
470671376 8564
470743914 4468
470830160 6936
471021069 9404
471054526 5308
471211621 7776
471368530 3680
471438952 6148
471685746 2052
471691113 4520
471976256 6988
471993661 2892
472260033 5360
472306551 1264
472642478 3732
473108469 6200
473249529 2104
473564113 4572
473872339 476
474364431 2944
475369230 5412
475438362 1316
476370143 3784
477370970 6252
477629985 2156
478373641 4624
478567996 528
479374099 2996
479495707 5464
479506052 1368
479628931 3836
479778845 6304
479818533 2208
479932553 4676
480109627 7144
480131654 3048
480303964 5516
480449677 1420
480515610 3888
480745834 6356
480758241 2260
480973636 4728
481070874 632
481265534 3100
481596833 5568
481697548 1472
481922033 3940
482397816 6408
482640690 2312
482864750 4780
482949177 684
483693671 3152
484697897 5620
484826572 1524
485701421 3992
486707738 6460
487022657 2364
487712477 4832
487957430 736
488714292 3204
488838824 5672
488896300 1576
488976323 4044
489129813 6512
489209567 2416
489279401 4884
489458940 7352
489522284 3256
489632796 5724
489836410 1628
489841703 4096
490076386 6564
490147791 2468
490308164 4936
490461367 840
490603119 3308
490942879 5776
491091789 1680
491276738 4148
491404878 52
491762031 2520
492381863 4988
492656722 892
493236840 3360
494238943 5828
494530618 1732
495240564 4200
495473762 104
496243924 2572
497247144 5040
497351601 944
498248330 3412
498371343 5880
498510108 8348
498603574 4252
498655849 6720
498819180 9188
498916648 5092
498983586 7560
499175104 10028
499226393 5932
499369125 8400
499537854 4304
499605870 6772
499853698 2676
499866416 5144
500160195 7612
500163548 3516
500454765 5984
500476898 1888
500859504 4356
501106945 260
501352456 2728
501982304 5196
502046232 1100
502593242 3568
503599006 6036
503606675 1940
504600234 4408
504862628 312
505604749 2780
506611173 5248
506741717 1152
507615039 3620
507741496 6088
507881187 8556
507993661 4460
508023808 6928
508190766 9396
508306753 5300
508354434 7768
508552162 10236
508618021 6140
508748912 8608
508929836 4512
508986013 6980
509245547 2884
509247682 5352
509548642 7820
509553509 3724
509847234 6192
509867653 2096
510258836 4564
510492780 468
510758073 2936
511404958 5404
511431533 1308
512030760 3776
513032500 6244
513314745 2148
514033643 4616
514248580 520
515038729 2988
516039804 5456
516129706 1360
517045922 3828
517172723 6296
517309678 8764
517379751 4668
517453730 7136
517620055 9604
517696589 5508
517788844 7976
517989057 10444
518005178 6348
518182527 8816
518322835 4720
518423088 7188
518635756 3092
518689369 5560
518945541 1464
518991705 3932
519344353 6400
519571037 2304
519691111 4772
519882651 676
520200391 3144
520842005 5612
521139724 1516
521483750 3984
522488363 6452
522704688 2356
523491277 4824
523643642 728
524495879 3196
525500511 5664
525517171 1568
526506585 4036
526633990 6504
526772861 2408
526775335 4876
526932830 7344
527086727 3248
527086909 5716
527270812 8184
527399695 4088
527452224 6556
527672132 9024
527709892 4928
527890038 7396
528025610 3300
528159042 5768
528338986 1672
528468301 4140
528651739 44
528826270 2512
529251152 4980
529273082 884
529663326 3352
530340600 5820
530528437 1724
531000943 4192
531155808 96
532001687 2564
533006818 5032
533029110 936
534010641 3404
535013787 5872
535223022 1776
536016798 4244
536145428 6712
536158585 2616
536295223 5084
536455870 7552
536471669 3456
536612603 5924
536787599 1828
536793736 4296
536995903 6764
537102698 2668
537196613 5136
537411958 1040
537437766 3508
537712556 5976
537723604 1880
537984656 4348
538039193 252
538346745 2720
538778921 5188
538978181 1092
539201760 3560
539898571 6028
539914580 1932
540572208 4400
540856295 304
541573600 2772
542579394 5240
542736755 1144
543583308 3612
544585459 6080
544610135 1984
545588975 4452
545717426 6920
545866678 2824
545870381 5292
546028699 7760
546179836 3664
546184350 6132
546369562 8600
546492643 4504
546550705 6972
546771704 9440
546801152 5344
546993351 7812
547118669 3716
547262899 6184
547431686 2088
547580499 4556
547744814 460
547948138 2928
548381897 5396
548683749 1300
548811553 3768
549525442 6236
549620114 2140
550530377 4608
550558331 512
551536384 2980
552541855 5448
552752822 1352
553547016 3820
554551450 6288
554626809 2192
555557201 4660
555565150 564
555687156 3032
555839105 5500
555877820 1404
555988369 3872
556158826 6340
556191914 2244
556327166 4712
556508663 616
556527785 3084
556749757 5552
556821546 1456
556968541 3924
557249396 6392
557443766 2296
557569653 4764
557760726 668
557939530 3136
558386228 5604
558699770 1508
558823186 3976
559562022 6444
559633666 2348
560277716 4816
560574498 720
561279221 3188
562280488 5656
562450863 1560
563281955 4028
