0 4096
308166 0
328018 4096
450339 8192
541391 12288
616317 8192
617839 12288
678726 16384
735517 20480
789196 24576
845477 28672
901223 32768
929130 28672
954787 32768
1012893 36864
1078168 40960
1149479 45056
1230743 49152
1242125 45056
1326196 49152
1527635 49152
1555246 45056
1873305 40960
2030576 45056
2186188 40960
2499272 36864
2531279 40960
2807197 36864
3032260 40960
3121186 36864
3438320 32768
3533281 36864
3751259 32768
4035870 36864
4059929 32768
4377329 28672
4541796 32768
4685868 28672
5000707 24576
5042857 28672
5316358 24576
5629435 20480
5939161 16384
6048915 20480
6251984 16384
6568705 12288
6720773 16384
6876527 12288
6947273 16384
7093014 20480
7191772 16384
7219848 20480
7325941 24576
7426750 28672
7506570 24576
7527225 28672
7634165 32768
7747598 36864
7820167 32768
7874617 36864
8055841 40960
8133117 36864
8310630 40960
8442626 36864
8755191 32768
9069009 28672
9313081 32768
9380295 28672
9693946 24576
10011327 20480
10318039 24576
10319799 20480
10637373 16384
10946620 12288
11263305 8192
11324657 12288
11511206 16384
11575218 12288
11658667 16384
11769255 20480
11869734 24576
11884319 20480
11961395 24576
12050520 28672
12141851 32768
12200469 28672
12232805 32768
12342631 36864
12461237 40960
12513808 36864
12603858 40960
12828373 36864
12889982 40960
13141461 36864
13449372 32768
13767372 28672
13891623 32768
14076945 28672
14393351 24576
14701510 20480
14895467 24576
15019263 20480
15332373 16384
15645427 12288
15901690 16384
15957253 12288
16192810 16384
16269535 12288
16360532 16384
16479184 20480
16580000 16384
16586120 20480
16681593 24576
16773057 28672
16860284 32768
16892150 28672
16951420 32768
17056807 36864
17174715 40960
17205175 36864
17322189 40960
17523323 36864
17610624 40960
17835027 36864
18145162 32768
18459089 28672
18617462 32768
18775330 28672
19085249 24576
19401302 20480
19624284 24576
19712345 20480
20026425 16384
20340384 12288
20628459 16384
20648380 12288
20919325 16384
20962069 12288
21091022 16384
21213552 20480
21275354 16384
21320758 20480
21411430 24576
21499568 28672
21586397 32768
21587141 28672
21677524 32768
21783440 36864
21900844 32768
21901020 36864
22048841 40960
22218607 36864
22275988 40960
22531369 36864
22844396 32768
23157324 28672
23277236 32768
23470374 28672
23783379 24576
24096367 20480
24278575 24576
24409384 20480
24722384 16384
25033705 12288
25284212 16384
25345738 12288
25571201 16384
25656472 12288
25742929 16384
25861653 20480
25972264 16384
25972388 20480
26077647 24576
26172813 28672
26261487 32768
26282777 28672
26348131 32768
26453570 36864
26558952 40960
26596753 36864
26681444 40960
26886181 45056
26911444 40960
27173998 45056
27221144 40960
27539538 36864
27846189 40960
27847265 36864
28160393 32768
28477614 28672
28514771 32768
28789463 28672
29104341 24576
29183011 28672
29417395 24576
29730321 20480
29855442 24576
30039845 20480
30356325 16384
30669360 12288
30861917 16384
30982288 12288
31293993 8192
31362907 12288
31534806 16384
31608172 12288
31661583 16384
31760563 20480
31844972 24576
31921163 20480
31921594 24576
31996637 28672
32071347 32768
32147835 36864
32222992 40960
32229137 36864
32303662 40960
32420156 45056
32546251 40960
32555957 45056
32860448 40960
32891017 45056
33173466 40960
33486346 36864
33794557 32768
33893251 36864
34112023 32768
34424707 28672
34738371 24576
34899673 28672
35051268 24576
35361459 20480
35672478 16384
35906426 20480
35986081 16384
36299709 12288
36616399 8192
36910094 12288
36924435 8192
37133143 12288
37239562 8192
37259594 12288
37334717 16384
37411216 20480
37478813 24576
37546164 28672
37550774 24576
37607446 28672
37674768 32768
37742123 36864
37807566 40960
37868168 36864
37876607 40960
37968613 45056
38079066 49152
38181192 45056
38212568 49152
38494360 45056
38718808 49152
38804455 45056
39120123 40960
39224831 45056
39433360 40960
39730852 45056
39741221 40960
40058720 36864
40236938 40960
40372286 36864
40682858 32768
40739962 36864
40995829 32768
41245216 36864
41308020 32768
41624325 28672
41751177 32768
41936962 28672
42250329 24576
42252792 28672
42562584 24576
42758666 28672
42874410 24576
43187094 20480
43500655 16384
43765994 20480
43811210 16384
44127557 12288
44441351 8192
44754334 4096
44769155 8192
44923870 12288
45039806 16384
45062568 12288
45135418 16384
45213176 20480
45284571 24576
45351899 28672
45375835 24576
45412286 28672
45475188 32768
45542514 36864
45611929 40960
45685256 45056
45688163 40960
45762311 45056
45882882 49152
46006246 45056
46038021 49152
46319651 45056
46628574 40960
46945383 36864
47044598 40960
47254234 36864
47570788 32768
47883545 28672
48051908 32768
48197332 28672
48508722 24576
48822328 20480
49056646 24576
49136178 20480
49445460 16384
49759317 12288
50059999 16384
50070772 12288
50385032 8192
50561263 12288
50701374 8192
50729014 12288
50835001 16384
50923359 20480
51000235 24576
51009131 20480
51072471 24576
51145343 28672
51213247 32768
51284570 36864
51322122 32768
51355448 36864
51439647 40960
51530655 45056
51640193 40960
51640315 45056
51950482 40960
51974720 45056
52266304 40960
52578976 36864
52892361 32768
52975867 36864
53201082 32768
53515793 28672
53830469 24576
53982142 28672
54139972 24576
54457635 20480
54765430 16384
54989236 20480
55078330 16384
55391239 12288
55709347 8192
55992216 12288
56017176 8192
56220038 12288
56330158 8192
56349397 12288
56440820 16384
56520193 20480
56591588 24576
56643537 20480
56654579 24576
56716614 28672
56776046 32768
56835657 36864
56900013 40960
56961187 36864
56964897 40960
57053187 45056
57149363 49152
57270030 45056
57270162 49152
57583586 45056
57895236 40960
58213341 36864
58276229 40960
58526324 36864
58839534 32768
59148598 28672
59282586 32768
59465296 28672
59778330 24576
60086986 20480
60289854 24576
60404273 20480
60717368 16384
61030217 12288
61296267 16384
61338161 12288
61656767 8192
61802631 12288
61964886 8192
61969950 12288
62080338 16384
62168975 20480
62246887 24576
62278604 20480
62318265 24576
62386876 28672
62455977 32768
62523218 36864
62590576 32768
62591629 36864
62676306 40960
62771727 45056
62880932 49152
62903854 45056
63015421 49152
63221516 45056
63521490 49152
63529218 45056
63847593 40960
64028220 45056
64160294 40960
64471790 36864
64530882 40960
64786374 36864
65036879 40960
65097493 36864
65410427 32768
65543235 36864
65725295 32768
66038449 28672
66045772 32768
66346707 28672
66548877 32768
66664366 28672
66972821 24576
67050975 28672
67290437 24576
67552970 28672
67599348 24576
67911856 20480
68226221 16384
68540012 12288
68555673 16384
68855669 12288
69168349 8192
69226396 12288
69476092 8192
69789081 4096
70102080 0
