0 333333333
337062 117000000
459584 90000000
550670 76000000
627186 60000000
688042 55000000
744755 52000000
798544 51000000
854836 51000000
910503 52000000
964148 57000000
1022224 60000000
1087481 66000000
1158751 76000000
1240027 95000000
1335530 200000000
1536887 500000000
2039794 500000000
2540604 500000000
3041513 500000000
3542538 500000000
4045066 500000000
4550985 500000000
5052135 999999999
6058201 666000000
6729975 222000000
6956560 142000000
7102292 125000000
7229150 105000000
7335271 100000000
7436065 100000000
7536548 105000000
7643477 111000000
7756853 125000000
7883938 181000000
8065182 250000000
8319886 999999999
9322208 999999999
10327192 999999999
11333872 181000000
11520372 142000000
11667922 105000000
11778363 95000000
11878948 90000000
11970712 86000000
12059796 86000000
12151136 90000000
12242113 105000000
12351851 117000000
12470488 142000000
12613097 285000000
12899129 999999999
13900581 999999999
14904618 999999999
15910881 285000000
16201892 166000000
16369741 117000000
16488393 105000000
16595398 90000000
16690827 86000000
16782254 86000000
16869559 90000000
16960594 105000000
17066075 117000000
17183867 142000000
17331404 285000000
17619817 999999999
18626458 999999999
19633384 999999999
20637503 285000000
20928470 166000000
21100223 117000000
21222706 105000000
21330041 90000000
21420689 86000000
21508795 86000000
21595633 90000000
21686788 105000000
21792643 117000000
21910055 142000000
22058008 222000000
22285214 999999999
23286405 999999999
24287767 999999999
25293209 285000000
25580361 166000000
25752105 117000000
25870861 105000000
25981320 100000000
26086854 90000000
26181968 86000000
26270740 86000000
26357456 100000000
26462808 105000000
26568177 117000000
26690665 200000000
26895031 285000000
27183088 666000000
27855165 666000000
28523973 666000000
29192200 666000000
29864595 999999999
30870866 500000000
31372076 166000000
31543848 125000000
31670857 95000000
31769823 83000000
31854225 76000000
31930874 74000000
32005889 71000000
32080625 71000000
32157058 74000000
32232225 80000000
32312926 111000000
32429405 133000000
32564937 333000000
32899964 999999999
33902468 999999999
34908647 999999999
35915607 999999999
36919167 222000000
37142265 125000000
37268738 86000000
37344007 74000000
37420467 66000000
37488110 62000000
37555457 60000000
37616705 62000000
37684060 62000000
37751406 64000000
37816775 68000000
37885884 90000000
37977925 105000000
38088289 133000000
38221881 500000000
38727834 500000000
39233995 500000000
39739755 500000000
40245964 500000000
40749188 500000000
41254249 500000000
41760357 500000000
42261969 500000000
42767771 999999999
43774803 999999999
44778337 153000000
44933118 111000000
45049064 90000000
45144714 74000000
45222503 66000000
45293866 62000000
45361200 60000000
45421630 62000000
45484493 62000000
45551803 64000000
45621246 68000000
45694552 76000000
45771481 117000000
45892114 153000000
46047225 999999999
47053792 999999999
48060689 999999999
49065798 999999999
50069167 500000000
50570344 166000000
50738185 105000000
50844258 86000000
50932610 76000000
51009506 71000000
51081761 68000000
51154565 66000000
51222483 66000000
51293842 68000000
51364719 83000000
51448973 90000000
51539943 105000000
51649637 133000000
51983900 999999999
52985078 999999999
53991308 999999999
54998004 999999999
56001326 222000000
56229162 125000000
56358650 86000000
56450077 74000000
56529454 66000000
56600811 62000000
56663947 60000000
56725953 58000000
56785349 58000000
56845001 60000000
56909198 64000000
56974236 83000000
57062492 95000000
57158659 117000000
57279508 166000000
58285494 999999999
59291745 999999999
60298783 999999999
61305381 500000000
61811537 166000000
61979035 105000000
62089524 86000000
62178256 76000000
62256113 71000000
62327575 68000000
62396160 66000000
62465242 66000000
62532510 68000000
62600965 83000000
62685572 90000000
62780917 105000000
62890145 133000000
63024692 500000000
63530548 500000000
64037312 500000000
64540149 500000000
65045987 500000000
65552261 500000000
66054888 500000000
66557897 500000000
67060071 500000000
67562071 999999999
68564420 666000000
69235646 181000000
