0 333333333
336783 117000000
458300 74000000
533562 55000000
591686 45000000
637823 33000000
672645 29000000
701956 26000000
728468 24000000
753570 23000000
778026 22000000
801018 21000000
823345 21000000
844771 20000000
865302 20000000
886412 21000000
907627 21000000
928964 22000000
951317 23000000
978066 24000000
1003039 25000000
1028557 27000000
1057051 30000000
1087414 33000000
1121585 39000000
1161011 47000000
1208873 62000000
1271217 166000000
1437893 999999999
2438715 999999999
3440021 999999999
4441690 125000000
4568854 90000000
4664147 74000000
4739121 54000000
4793529 47000000
4841446 43000000
4889727 40000000
4931111 39000000
4970674 38000000
5010087 37000000
5048073 36000000
5086010 36000000
5125758 37000000
5164057 38000000
5203293 40000000
5243635 44000000
5290812 50000000
5341238 66000000
5412801 80000000
5498070 105000000
5608136 166000000
5778125 500000000
6279002 500000000
6780619 500000000
7286711 999999999
8288308 153000000
8442799 111000000
8555272 71000000
8627583 60000000
8691456 54000000
8749969 50000000
8801380 43000000
8849496 40000000
8890144 39000000
8929474 38000000
8967849 38000000
9006531 39000000
9045957 40000000
9086338 44000000
9133976 46000000
9185220 50000000
9240507 55000000
9300828 64000000
9368372 80000000
9453736 153000000
9607649 285000000
9893573 999999999
10899763 999999999
11901769 125000000
12032353 90000000
12127992 74000000
12207477 64000000
12276934 54000000
12332804 47000000
12380524 43000000
12423872 40000000
12464295 39000000
12503676 38000000
12542730 39000000
12582092 38000000
12620379 38000000
12658624 39000000
12699223 40000000
12741513 43000000
12785258 47000000
12832554 54000000
12889816 83000000
12974715 105000000
13082565 153000000
13241007 333000000
13575415 333000000
13909693 333000000
14243469 333000000
14577434 333000000
14916669 333000000
15256710 333000000
15595841 999999999
16598011 153000000
16756745 95000000
16855582 71000000
16927089 51000000
16982572 43000000
17029826 38000000
17068085 35000000
17105263 32000000
17140469 31000000
17171700 30000000
17203096 29000000
17234380 30000000
17265683 29000000
17295985 29000000
17326472 30000000
17358033 31000000
17392628 32000000
17425802 35000000
17461055 38000000
17499750 43000000
17543101 64000000
17610006 80000000
17694534 111000000
17805931 200000000
18011513 999999999
19016093 999999999
20022604 999999999
21024707 111000000
21140968 74000000
21219313 57000000
21277366 47000000
21326548 37000000
21365425 33000000
21398734 30000000
21429554 28000000
21457980 26000000
21484957 25000000
21513426 25000000
21538791 24000000
21563049 24000000
21587297 25000000
21613312 26000000
21641186 27000000
21670203 27000000
21698032 28000000
21726274 30000000
21758389 33000000
21793716 37000000
21831389 42000000
21876427 51000000
21927794 100000000
22028894 166000000
22195474 666000000
22863659 666000000
23535916 666000000
24207597 666000000
24875152 666000000
25547489 133000000
25683103 71000000
25757975 55000000
25815856 46000000
25865845 40000000
25907966 37000000
25945279 34000000
25979777 31000000
26011002 29000000
26040220 28000000
26068446 27000000
26095667 27000000
26122883 27000000
26151255 27000000
26180623 28000000
26212067 29000000
26243270 31000000
26274614 34000000
26309333 44000000
26354649 50000000
26409954 58000000
26472767 74000000
26550134 105000000
26660631 999999999
27666021 999999999
28668383 999999999
29670008 181000000
29856448 83000000
29944252 62000000
30006655 51000000
30058588 40000000
30099089 35000000
30135405 31000000
30167516 29000000
30199736 27000000
30229291 26000000
30255521 25000000
30282418 25000000
30307640 25000000
30333789 25000000
30361181 26000000
30389684 28000000
30417909 28000000
30446716 30000000
30477381 32000000
30509866 35000000
30548874 39000000
30588700 45000000
30636738 55000000
30692690 117000000
30810962 222000000
31034029 999999999
32040130 999999999
33043304 999999999
34049261 181000000
34233554 83000000
34319856 62000000
34382722 51000000
34434953 40000000
34476725 35000000
34513076 31000000
34544958 29000000
34575252 27000000
34602599 26000000
34629885 25000000
34655108 25000000
34681037 25000000
34707899 25000000
34735098 26000000
34762009 29000000
34792582 30000000
34823277 31000000
34855696 33000000
34889274 37000000
34926553 41000000
34969475 48000000
35022656 60000000
35084055 142000000
35231328 333000000
35570028 333000000
35905960 333000000
36244757 333000000
36583698 333000000
36922735 333000000
37257301 333000000
37591572 333000000
37927902 999999999
38935091 285000000
39225967 111000000
39341304 80000000
39425418 64000000
39494958 50000000
39550325 43000000
39594072 39000000
39634720 36000000
39673580 34000000
39707974 33000000
39741562 32000000
39774846 33000000
39809579 32000000
39842421 32000000
39877520 33000000
39910736 34000000
39944967 36000000
39982582 39000000
40021820 43000000
40066161 60000000
40131385 71000000
40202897 90000000
40293339 133000000
40430076 285000000
40720323 285000000
41007512 285000000
41298483 285000000
41589469 285000000
41880388 285000000
42171007 285000000
42458378 285000000
42746027 285000000
43032513 285000000
43323736 999999999
44330578 285000000
44621644 111000000
44738391 80000000
44823678 55000000
44880614 46000000
44927581 40000000
44969448 37000000
45008936 34000000
45045477 32000000
45078610 31000000
45109963 29000000
45139653 28000000
45170308 28000000
45198529 28000000
45226750 28000000
45254994 29000000
45284783 31000000
45316029 33000000
45349976 36000000
45386296 47000000
45433838 54000000
45489972 64000000
45555191 83000000
45643464 125000000
45773897 285000000
46060047 285000000
46345883 285000000
46632514 285000000
46923987 285000000
47214925 285000000
47505865 285000000
47796731 285000000
48087756 285000000
48375223 285000000
48666121 285000000
48952878 999999999
49957973 285000000
50247002 111000000
50363624 80000000
50444184 55000000
50500492 46000000
50547130 40000000
50590428 37000000
50630914 34000000
50665794 32000000
50698078 31000000
50729558 31000000
50762793 30000000
50793849 29000000
50823086 29000000
50856877 30000000
50887190 31000000
50918562 32000000
50951592 35000000
50991094 38000000
51029513 51000000
51082275 58000000
51145517 71000000
51218197 95000000
51315638 153000000
51473982 500000000
51975112 500000000
52477863 500000000
52982650 500000000
53488423 500000000
53993771 999999999
55000236 125000000
55126382 64000000
55195116 50000000
55246452 41000000
55287900 36000000
55324631 32000000
55358810 30000000
55389863 28000000
55420341 26000000
55447909 25000000
55475126 24000000
55499341 23000000
55524734 23000000
55548502 23000000
55571731 23000000
55596848 24000000
55621092 25000000
55646640 26000000
55674384 28000000
55705044 31000000
55736420 40000000
55777458 46000000
55824406 55000000
55883731 71000000
55958381 105000000
56066304 222000000
56293714 222000000
56521502 222000000
56747127 222000000
56970070 222000000
57197721 222000000
57425780 222000000
57649877 222000000
57877419 222000000
58100287 222000000
58328169 222000000
58553962 222000000
58779329 222000000
59007133 222000000
59233339 222000000
59460901 222000000
59685959 222000000
59913813 222000000
60138344 222000000
60363745 222000000
60591934 222000000
60815590 222000000
61039661 999999999
62046250 285000000
62332204 111000000
62448590 80000000
62532228 64000000
62599346 55000000
62659730 43000000
62703027 39000000
62743895 36000000
62781962 34000000
62817801 33000000
62852386 32000000
62886344 32000000
62919599 34000000
62953969 34000000
62991013 35000000
63026264 36000000
63063296 38000000
63103679 41000000
63145022 46000000
63191838 54000000
63247039 90000000
63337989 125000000
63466547 222000000
63691134 999999999
64697514 999999999
65700541 999999999
66705957 83000000
66789817 58000000
66849238 46000000
66896292 39000000
66936468 34000000
66972473 31000000
67005310 27000000
67033580 25000000
67058826 23000000
67082059 22000000
67104323 21000000
67125972 21000000
67147201 21000000
67169063 21000000
67192606 21000000
67213978 21000000
67235266 22000000
67258020 23000000
67281957 25000000
67307650 30000000
67338911 32000000
67371187 36000000
67407629 41000000
67449588 50000000
67501549 64000000
67566532 95000000
67662760 200000000
67865554 200000000
68071193 200000000
68271829 200000000
68474638 200000000
68680542 200000000
68883116 200000000
69088698 200000000
69291138 200000000
69492086 200000000
69694515 200000000
69900106 200000000
70100839 200000000
70306754 200000000
70512570 200000000
70716746 200000000
70922719 200000000
71124327 200000000
71329836 200000000
71533717 200000000
71737513 200000000
71940390 200000000
72146319 200000000
72347242 200000000
72549035 200000000
72755091 200000000
72956307 200000000
73156855 200000000
73363195 200000000
73564128 200000000
73765731 200000000
73966516 200000000
74172084 200000000
74378019 200000000
74582160 200000000
74784047 999999999
75785701 333000000
76120786 117000000
76241487 83000000
76325502 66000000
76392750 51000000
76445764 44000000
76492361 40000000
76532986 37000000
76570286 35000000
76606972 33000000
76640288 33000000
76674236 33000000
76707937 35000000
76744172 35000000
76782144 35000000
76818012 37000000
76855252 39000000
76895002 42000000
76941942 47000000
76989973 55000000
77049331 95000000
77148764 133000000
77287086 250000000
77542705 999999999
78549249 999999999
79551114 500000000
79774455 222000000
79998975 125000000
80129761 95000000
80227572 64000000
80292400 55000000
80348817 50000000
80399845 46000000
80447398 43000000
80492226 40000000
80532654 39000000
80572271 38000000
80610652 38000000
80651273 39000000
80691472 40000000
80734623 43000000
80780821 54000000
80837083 58000000
80900348 66000000
80969488 80000000
81054765 105000000
81165210 500000000
81670942 500000000
82177094 500000000
82680396 500000000
83185564 999999999
84191013 166000000
84359315 80000000
84440564 60000000
84502388 50000000
84552820 39000000
84592086 34000000
84627604 31000000
84658901 28000000
84688997 27000000
84718411 26000000
84744671 25000000
84769933 25000000
84797421 25000000
84822645 25000000
84847952 27000000
84875560 27000000
84902943 28000000
84931237 29000000
84964266 31000000
84995562 34000000
85032238 38000000
85071453 44000000
85116656 54000000
85172828 111000000
85288492 200000000
85489832 999999999
86496650 999999999
87503176 999999999
88507802 181000000
88694708 83000000
88782047 62000000
88848790 51000000
88902335 40000000
88942684 35000000
88978758 31000000
89010610 29000000
89039883 27000000
89068063 26000000
89094700 25000000
89119986 25000000
89146129 25000000
89171369 25000000
89196606 26000000
89223875 29000000
89256068 30000000
89288453 31000000
89323101 33000000
89359803 37000000
89397045 41000000
89438349 48000000
89491508 60000000
89552230 142000000
89694576 333000000
90033071 333000000
90371999 333000000
90710759 333000000
91048860 333000000
91385660 333000000
91722120 333000000
92055734 333000000
92390865 999999999
93397524 285000000
93688293 111000000
93804819 80000000
93890272 64000000
93958212 50000000
94013508 43000000
94056945 39000000
94098769 36000000
94135056 34000000
94169777 33000000
94203034 32000000
94237077 33000000
94272404 32000000
94305349 32000000
94339560 33000000
94374091 34000000
94409270 36000000
94446397 39000000
94486035 43000000
94530117 60000000
94595342 71000000
94671213 90000000
94761666 133000000
94900085 285000000
95188781 285000000
95476685 285000000
95771674 285000000
96062659 285000000
96349801 285000000
96640771 285000000
96931817 285000000
97222726 285000000
97513966 285000000
97804917 999999999
98811989 285000000
99098800 111000000
99215412 80000000
99301070 55000000
99357428 46000000
99407405 40000000
99448728 37000000
99487022 34000000
99523597 32000000
99556529 31000000
99591182 29000000
99620701 28000000
99651321 28000000
99682658 28000000
99710894 28000000
99740427 29000000
99772281 31000000
99804914 33000000
99838998 36000000
99877389 47000000
99926540 54000000
99981983 64000000
100046785 83000000
100132675 125000000
100260743 285000000
100549504 285000000
100835955 285000000
101122081 285000000
101412684 285000000
101703169 285000000
101988981 285000000
102280167 285000000
102571224 285000000
102862105 285000000
103152535 285000000
103438888 999999999
104442057 285000000
104729389 111000000
104846004 80000000
104911982 55000000
104968188 46000000
105019810 40000000
105060665 37000000
105099737 34000000
105134014 32000000
105167092 31000000
105198435 31000000
105229716 30000000
105260646 29000000
105291150 29000000
105321221 30000000
105352867 31000000
105384119 32000000
105416925 35000000
105452169 38000000
105491564 51000000
105548015 58000000
105607497 71000000
105683786 95000000
105782130 153000000
105936409 500000000
106438115 500000000
106944053 500000000
107450007 500000000
107956508 500000000
108462915 999999999
109465674 125000000
109592073 64000000
109656650 50000000
109712472 41000000
109758250 36000000
109794941 32000000
109827240 30000000
109858607 28000000
109887000 26000000
109914082 25000000
109939795 24000000
109964750 23000000
109988028 23000000
110011267 23000000
110034478 23000000
110057699 24000000
110082017 25000000
110107523 26000000
110134001 28000000
110163320 31000000
110196524 40000000
110237092 46000000
110287741 55000000
110343858 71000000
110415652 105000000
110521076 222000000
110748583 222000000
110972968 222000000
111200520 222000000
111424020 222000000
111647653 222000000
111875538 222000000
112098364 222000000
112324392 222000000
112548121 222000000
112776095 222000000
112998788 222000000
113225658 222000000
113453766 222000000
113680829 222000000
113905367 222000000
114133602 222000000
114357613 222000000
114581403 222000000
114809033 222000000
115032694 222000000
115257519 222000000
115482183 999999999
116487257 333000000
116821991 117000000
116944418 83000000
117028654 66000000
117098690 51000000
117150516 44000000
117198658 40000000
117239861 37000000
117279161 35000000
117315916 33000000
117350716 33000000
117384904 33000000
117419282 33000000
117453482 33000000
117490152 33000000
117523924 35000000
117559242 37000000
117597415 40000000
117640292 44000000
117685172 51000000
117740845 83000000
117824215 111000000
117936500 181000000
118122951 666000000
118793238 666000000
119465330 666000000
120132697 999999999
121134715 181000000
121321724 74000000
121398698 57000000
121456601 41000000
121498385 35000000
121534555 31000000
121565863 28000000
121594704 27000000
121623638 25000000
121649657 24000000
121673906 24000000
121700183 23000000
121723420 23000000
121749518 24000000
121774095 25000000
121799365 25000000
121824676 26000000
121852076 27000000
121880752 29000000
121910869 31000000
121945138 35000000
121981971 40000000
122024155 47000000
122073341 60000000
122134877 86000000
122222499 133000000
122357003 333000000
122691015 333000000
123027584 333000000
123361331 333000000
123698687 333000000
124032410 333000000
124369447 333000000
124703480 333000000
125041002 333000000
125380039 333000000
125714478 999999999
126720826 666000000
127012170 153000000
127169009 80000000
127238408 64000000
127307490 51000000
127359778 43000000
127403209 35000000
127438681 32000000
127472005 29000000
127501350 27000000
127528593 26000000
127556159 25000000
127582930 24000000
127607187 24000000
127631961 24000000
127656863 24000000
127681688 25000000
127707076 27000000
127734267 29000000
127763521 31000000
127794729 33000000
127827974 36000000
127865139 40000000
127905944 47000000
127958236 58000000
128018541 80000000
128099979 133000000
128234063 500000000
128739920 500000000
129245789 500000000
129751909 500000000
130254112 500000000
130759844 500000000
131265303 999999999
132271829 333000000
132609637 125000000
132735664 64000000
132804596 50000000
132857336 41000000
132901087 34000000
132935412 29000000
132966171 26000000
132994200 24000000
133018473 22000000
133040841 20000000
133061409 20000000
133083033 19000000
133102259 18000000
133123644 18000000
133141892 18000000
133160618 17000000
133177941 17000000
133195166 18000000
133214165 18000000
133232582 18000000
133250808 19000000
133270032 20000000
133290254 21000000
133312018 23000000
133335257 26000000
133361559 35000000
133397687 43000000
133445923 58000000
133504176 83000000
133589501 153000000
133746246 999999999
134753302 999999999
135758919 999999999
136766297 999999999
137768537 105000000
137874210 74000000
137949216 54000000
138008371 40000000
138050630 28000000
138079354 25000000
138105334 22000000
138128222 20000000
138148480 18000000
138166716 17000000
138184012 16000000
138200798 15000000
138216913 15000000
138232760 14000000
138246969 14000000
138261985 14000000
138276732 14000000
138290965 14000000
138305595 14000000
138321465 14000000
138336818 14000000
138351151 15000000
138366349 16000000
138382549 17000000
138399788 18000000
138418021 19000000
138438017 20000000
138460319 22000000
138482572 25000000
138509304 28000000
138538406 34000000
138575249 43000000
138620807 58000000
138679197 200000000
138882820 200000000
139083884 200000000
139285031 200000000
139487557 200000000
139690626 200000000
139893321 200000000
140098871 200000000
140304723 200000000
140510359 200000000
140715276 200000000
140916433 200000000
141117641 200000000
141323580 200000000
141526885 200000000
141731868 200000000
141934452 200000000
142135532 200000000
142341384 200000000
142547422 200000000
142752547 200000000
142958445 200000000
143159520 200000000
143360264 200000000
143565958 200000000
143767048 200000000
143970649 200000000
144174203 200000000
144380394 200000000
144586125 200000000
144791991 200000000
144994583 200000000
145199005 200000000
145403585 200000000
145604942 200000000
145810484 200000000
146015255 999999999
147021646 999999999
148025476 153000000
148184199 74000000
148263733 54000000
148322013 43000000
148366209 29000000
148396035 26000000
148425502 23000000
148449364 21000000
148471841 19000000
148492445 18000000
148511666 16000000
148527901 16000000
148544160 15000000
148559866 15000000
148575183 14000000
148589961 14000000
148604602 14000000
148618892 14000000
148633964 14000000
148648318 14000000
148662534 15000000
148677763 15000000
148693081 16000000
148710021 18000000
148728840 19000000
148748094 20000000
148768784 22000000
148791781 24000000
148816027 27000000
148844693 31000000
148877698 38000000
148919404 50000000
148970486 71000000
149043079 500000000
149544347 500000000
150048476 500000000
150549559 500000000
151053907 500000000
151559066 500000000
152061884 500000000
152562837 666000000
153236361 166000000
153403188 90000000
153498567 66000000
153569954 54000000
153629260 43000000
153677273 37000000
153716056 29000000
153745609 27000000
153773393 26000000
153799662 24000000
153823928 22000000
153846147 21000000
153867392 21000000
153888820 20000000
153910516 20000000
153931619 20000000
153951958 20000000
153972941 21000000
153994271 21000000
154015613 24000000
154040437 26000000
154069283 28000000
154098432 31000000
154131310 34000000
154165979 39000000
154207145 46000000
154257413 58000000
154315946 153000000
154474029 999999999
155480162 999999999
156487297 999999999
157491847 999999999
158498744 117000000
158621192 83000000
158706029 45000000
158752144 37000000
158791192 31000000
158823640 27000000
158852029 23000000
158876040 21000000
158897317 19000000
158917334 18000000
158935779 17000000
158953685 16000000
158969922 16000000
158986250 15000000
159001949 15000000
159017308 15000000
159032859 15000000
159048263 15000000
159063533 15000000
159078754 16000000
159094980 16000000
159111213 16000000
159127429 17000000
159147414 18000000
159165647 19000000
159185693 20000000
159205940 22000000
159228255 24000000
159253222 28000000
159281571 33000000
159314902 41000000
159360459 83000000
159444754 166000000
159616094 999999999
160618627 999999999
161620192 999999999
162625630 999999999
163632158 111000000
163748085 58000000
163806989 44000000
163855561 36000000
163892154 29000000
163922525 25000000
163947862 22000000
163970132 20000000
163992635 19000000
164012246 16000000
164029196 16000000
164045466 15000000
164061308 15000000
164077201 14000000
164091443 14000000
164105971 13000000
164119193 13000000
164133158 13000000
164146395 13000000
164159934 13000000
164173942 13000000
164187158 14000000
164202082 14000000
164216310 15000000
164231515 15000000
164246725 16000000
164262933 17000000
164280186 19000000
164300815 21000000
164322496 24000000
164346937 34000000
164382815 43000000
164427951 58000000
164487105 83000000
164570972 153000000
164729373 999999999
165740019 999999999
166746500 999999999
167752814 999999999
168754155 105000000
168859973 74000000
168935166 54000000
168994527 40000000
169035357 28000000
169065048 25000000
169091837 22000000
169114147 20000000
169135546 18000000
169153823 17000000
169171038 16000000
169187276 15000000
169202533 15000000
169217815 14000000
169232629 14000000
169246870 14000000
169261900 14000000
169276180 14000000
169290395 14000000
169304631 14000000
169318840 14000000
169333229 15000000
169348560 16000000
169365335 17000000
169382554 18000000
169401469 20000000
169421950 21000000
169443192 23000000
169467291 26000000
169494418 30000000
169527359 36000000
169565356 46000000
169613374 64000000
169682745 285000000
169969575 285000000
170260084 285000000
170551004 285000000
170842089 285000000
171131868 285000000
171421762 285000000
171712633 285000000
172002356 285000000
172293257 285000000
172584280 285000000
172873714 285000000
173164379 285000000
173453873 285000000
173741011 999999999
174743269 500000000
175247716 166000000
175419566 80000000
175501308 60000000
175562309 50000000
175617307 35000000
175653194 31000000
175684500 28000000
175714337 25000000
175739618 23000000
175762960 21000000
175785082 20000000
175805996 20000000
175826261 19000000
175845455 19000000
175864793 18000000
175883025 18000000
175901971 19000000
175921945 20000000
175942199 20000000
175962417 21000000
175984276 22000000
176006563 23000000
176030742 25000000
176056212 27000000
176084885 30000000
176115148 34000000
176151218 40000000
176194001 51000000
176245981 125000000
176371444 500000000
176873733 500000000
177376566 500000000
177883399 500000000
178388442 500000000
178889946 500000000
179391257 999999999
180393280 333000000
180728041 125000000
180854648 83000000
180938230 50000000
180992136 41000000
181037496 36000000
181074573 31000000
181107774 27000000
181136125 25000000
181162014 23000000
181185324 22000000
181209069 21000000
181230882 20000000
181251091 20000000
181271336 20000000
181291556 19000000
181311093 19000000
181332461 19000000
181351810 19000000
181371172 20000000
181391423 20000000
181411645 21000000
181434646 22000000
181456865 24000000
181481508 26000000
181507808 29000000
181537023 34000000
181572519 54000000
181627273 80000000
181712538 153000000
181868094 666000000
182535116 666000000
183202948 666000000
183875126 666000000
184547322 666000000
185215028 999999999
186217346 133000000
186351996 68000000
186425370 51000000
186479931 41000000
186525830 33000000
186559294 25000000
186585241 23000000
186608992 21000000
186630275 19000000
186649984 18000000
186668875 17000000
186687138 16000000
186703370 15000000
186718625 15000000
186733993 14000000
186748946 14000000
186765867 14000000
186780825 14000000
186795049 14000000
186810102 14000000
186825182 15000000
186841020 15000000
186857049 16000000
186877083 18000000
186895449 19000000
186914679 21000000
186935912 23000000
186959130 25000000
186984479 28000000
187013499 33000000
187046756 41000000
187089145 55000000
187149432 83000000
187237787 999999999
188244450 999999999
189251095 999999999
190257901 999999999
191262298 105000000
191368259 74000000
191443139 54000000
191501049 40000000
191535930 33000000
191572562 25000000
191597947 22000000
191620302 21000000
191641633 19000000
191661826 18000000
191680643 16000000
191696899 16000000
191713845 15000000
191729865 15000000
191746079 14000000
191760714 14000000
191774980 14000000
191789613 14000000
191805326 14000000
191819557 14000000
191833751 15000000
191849750 15000000
191865919 16000000
191882223 18000000
191901221 19000000
191921188 21000000
191942422 22000000
191964644 25000000
191989872 28000000
192021228 33000000
192054472 40000000
192098932 54000000
192153381 80000000
192233706 999999999
193234983 999999999
194236695 999999999
195240888 999999999
196245112 153000000
196400180 74000000
196474870 54000000
196529649 43000000
196574586 29000000
196603785 26000000
196630415 23000000
196653690 21000000
196674965 19000000
196694230 18000000
196712677 16000000
196729343 16000000
196745598 15000000
196760852 15000000
196776080 14000000
196790296 14000000
196805146 14000000
196819359 14000000
196833748 14000000
196848615 14000000
196862837 15000000
196878120 16000000
196894301 16000000
196910512 18000000
196929644 18000000
196947939 20000000
196968780 21000000
196990071 23000000
197013328 26000000
197039795 30000000
197073077 36000000
197109345 46000000
197155657 64000000
197220858 285000000
197507516 285000000
197798185 285000000
198089244 285000000
198380201 285000000
198666351 285000000
198957323 285000000
199248223 285000000
199537400 285000000
199828133 285000000
200117235 285000000
200403436 285000000
200691012 285000000
200977995 285000000
201263640 999999999
202265226 500000000
202766552 166000000
202938149 80000000
203018957 60000000
203080488 50000000
203131764 40000000
203173329 31000000
203205190 28000000
203233925 26000000
203261682 24000000
203285936 22000000
203308215 21000000
203330014 20000000
203350253 20000000
203370561 19000000
203389976 19000000
203409195 19000000
203430018 19000000
203449244 20000000
203469594 21000000
203492063 22000000
203516359 24000000
203541310 25000000
203567076 27000000
203594802 29000000
203625521 33000000
203658791 38000000
203697022 46000000
203745326 60000000
203805705 200000000
204009481 200000000
204215111 200000000
204415914 200000000
204616641 200000000
204822551 200000000
205023814 200000000
205226181 200000000
205428644 200000000
205633351 200000000
205835791 200000000
206041584 200000000
206247107 200000000
206453087 200000000
206654882 200000000
206860438 200000000
207061441 200000000
207265247 200000000
207470933 200000000
207677342 200000000
207878160 200000000
208085570 200000000
208291528 200000000
208496046 200000000
208696938 200000000
208902930 200000000
209107645 200000000
209309277 200000000
209515221 200000000
209715965 200000000
209918072 200000000
210119437 200000000
210325026 200000000
210531257 200000000
210733218 200000000
210938796 200000000
211140200 999999999
212146675 999999999
213148872 153000000
213307760 74000000
213383095 54000000
213441775 43000000
213487083 29000000
