0 333333333
333581 157000000
490835 192000000
683169 179000000
862424 202000000
1064760 190000000
1255107 187000000
1442352 212000000
1654686 199000000
1853945 228000000
2082217 214000000
2296559 209000000
2505902 205000000
2711158 237000000
2948477 221000000
3169808 216000000
3386067 252000000
3638351 234000000
3872704 228000000
4101056 224000000
4325319 262000000
4587664 242000000
4829999 237000000
5067337 232000000
5299619 273000000
5572967 252000000
5825308 246000000
6071637 241000000
6312979 236000000
6549248 279000000
6828609 257000000
7085959 250000000
7336279 245000000
7581636 240000000
7821920 284000000
8106267 261000000
8367633 255000000
8622975 249000000
8872324 244000000
9116668 239000000
9355941 283000000
9639222 260000000
9899555 254000000
10153814 248000000
10402123 243000000
10645462 238000000
10883708 282000000
11166023 259000000
11425280 253000000
11678613 247000000
11925942 242000000
12168224 287000000
12455577 264000000
12719941 257000000
12977308 252000000
13229678 246000000
13476036 241000000
13717350 286000000
14003670 263000000
14267036 256000000
14523382 251000000
14774707 245000000
15019971 292000000
15312312 268000000
15580654 261000000
15841984 255000000
16097354 250000000
16347676 244000000
16592034 239000000
16831312 283000000
17114670 261000000
17376025 254000000
17630372 249000000
17879718 243000000
18122986 289000000
18412330 265000000
18677657 259000000
18936997 253000000
19190293 248000000
19438617 242000000
19680862 288000000
19969204 264000000
20233555 258000000
20491895 252000000
20744210 247000000
20991545 241000000
21232802 286000000
21519144 263000000
21782437 257000000
22039760 251000000
22291114 246000000
22537414 241000000
22778675 285000000
23064015 262000000
23326369 256000000
23582717 250000000
23833076 245000000
24078355 291000000
24369707 267000000
24637029 260000000
24897396 254000000
25151732 249000000
25401036 244000000
25645254 289000000
25934616 266000000
26200991 259000000
26460301 253000000
26713619 248000000
26961963 243000000
27205213 288000000
27493556 265000000
27758942 258000000
28017301 252000000
28269663 247000000
28516880 242000000
28759088 287000000
29046452 263000000
29309802 257000000
29567085 251000000
29818348 246000000
30064643 241000000
30305934 285000000
30591262 262000000
30853599 256000000
31109916 250000000
31360203 245000000
31605426 291000000
31896768 267000000
32164156 261000000
32425442 255000000
32680783 249000000
32930132 244000000
33174384 290000000
33464760 266000000
33731100 259000000
33990463 254000000
34244779 248000000
34493205 243000000
34736477 288000000
35024839 265000000
35290192 258000000
35548556 253000000
35801852 247000000
36049239 242000000
36291470 287000000
36578793 264000000
36843163 257000000
37100542 252000000
37352851 246000000
37599166 241000000
37840373 286000000
38126651 263000000
38389988 256000000
38646328 251000000
38897676 245000000
39143063 240000000
39383343 284000000
39667703 261000000
39929082 255000000
40184378 249000000
40433699 244000000
40677967 290000000
40968259 266000000
41234550 260000000
41494824 254000000
41749134 248000000
41997506 243000000
42240779 289000000
42530123 265000000
42795471 259000000
43054777 253000000
43308136 247000000
43555500 242000000
43797773 287000000
44085035 264000000
44349286 258000000
44607679 252000000
44860060 246000000
45106447 241000000
45347736 286000000
45634038 263000000
45897343 256000000
46153659 251000000
46404952 245000000
46650243 240000000
46890497 285000000
47175865 262000000
47438212 255000000
47693562 250000000
47943823 244000000
48188058 291000000
48479361 267000000
48746672 260000000
49007051 254000000
49261381 249000000
49510741 243000000
49754021 289000000
50043378 265000000
50308696 259000000
50568041 253000000
50821420 248000000
51069774 242000000
51312050 288000000
51600358 264000000
51864714 258000000
52123026 252000000
52375355 247000000
52622690 242000000
52864945 286000000
53151280 263000000
53414626 257000000
53671973 251000000
53923308 246000000
54169645 241000000
54410905 285000000
54696244 262000000
54958587 256000000
55214919 250000000
55465260 245000000
55710522 291000000
56001798 267000000
56269138 260000000
56529482 255000000
56784812 249000000
57034103 244000000
57278349 239000000
57517610 282000000
57799938 260000000
58060295 253000000
58313635 248000000
58561948 243000000
58805195 288000000
59093580 265000000
59358925 258000000
59617267 252000000
59869603 247000000
60117290 242000000
60359502 287000000
60646797 263000000
60910049 257000000
61167311 251000000
61418587 246000000
61664878 241000000
61906109 285000000
62191420 262000000
62453774 256000000
62710121 250000000
62960455 245000000
63205669 291000000
63497047 267000000
63764414 261000000
64025763 255000000
64281096 249000000
64530382 244000000
64774643 290000000
65064998 266000000
65331336 259000000
65590670 254000000
65845004 248000000
66093295 243000000
66336518 289000000
66625881 265000000
66891232 258000000
67149572 253000000
67402860 247000000
67650173 242000000
67892395 287000000
68179730 264000000
68444086 257000000
68701406 252000000
68953841 246000000
69200200 241000000
