0 333333333
333574 160000000
493847 136000000
630160 124000000
754420 127000000
881659 138000000
1019995 150000000
1170172 159000000
1329466 172000000
1501764 184000000
1686014 199000000
1885299 197000000
2082544 209000000
2291860 227000000
2519205 223000000
2742450 239000000
2981802 261000000
3243118 257000000
3500468 246000000
3746721 264000000
4011060 290000000
4301397 285000000
4586726 271000000
4858087 257000000
5115431 244000000
5359772 232000000
5592035 248000000
5840323 271000000
6111647 266000000
6377931 254000000
6632235 242000000
6874498 259000000
7133859 284000000
7418165 278000000
7696431 266000000
7962750 252000000
8215084 240000000
8455434 228000000
8683645 243000000
8926992 265000000
9192330 260000000
9452638 249000000
9701923 267000000
9969292 295000000
10264600 289000000
10553946 275000000
10829303 261000000
11090673 247000000
11338025 235000000
11573208 251000000
11824497 275000000
12099830 269000000
12369156 257000000
12626512 245000000
12871842 233000000
13105061 248000000
13353413 272000000
13625748 267000000
13893076 255000000
14148430 242000000
14390739 259000000
14650080 285000000
14935463 279000000
15214770 266000000
15481142 253000000
15734469 240000000
15974832 229000000
16204069 244000000
16448457 266000000
16714810 261000000
16976138 250000000
17226513 238000000
17464720 254000000
17719096 278000000
17997427 273000000
18270801 261000000
18532164 248000000
18780495 236000000
19016699 252000000
19269065 275000000
19544345 270000000
19814634 258000000
20073014 245000000
20318253 263000000
20581597 289000000
20870913 283000000
21154262 270000000
21424577 256000000
21680901 243000000
21924246 231000000
22155459 247000000
22402800 270000000
22673060 265000000
22938389 253000000
23191680 241000000
23433005 257000000
23690321 282000000
23972628 277000000
24249967 264000000
24514319 251000000
24765662 239000000
25004913 255000000
25260261 279000000
25539608 274000000
25813967 261000000
26075340 248000000
26323699 236000000
26559935 252000000
26812293 276000000
27088584 271000000
27359953 259000000
27619303 246000000
27865693 234000000
28099963 250000000
28350348 273000000
28623671 268000000
28892034 256000000
29148360 244000000
29392610 261000000
29653948 286000000
29940310 281000000
30221667 268000000
30490013 254000000
30744365 241000000
30985661 258000000
31244006 283000000
31527361 278000000
31805717 265000000
32071026 252000000
32323364 239000000
32562699 228000000
32790958 242000000
33033311 265000000
33298592 260000000
33558888 249000000
33808263 237000000
34045480 253000000
34298860 277000000
34576193 272000000
34848585 259000000
35107885 247000000
35355199 264000000
35619529 291000000
35910912 285000000
36196217 271000000
36467536 257000000
36724833 244000000
36969198 233000000
37202456 248000000
37450844 271000000
37722156 266000000
37988513 254000000
38242867 242000000
38485195 259000000
38744515 284000000
39028835 279000000
39308089 266000000
39574455 252000000
39826803 240000000
40067169 228000000
40295444 243000000
40538801 265000000
40804108 261000000
41065412 249000000
41314714 267000000
41582085 295000000
41877472 289000000
42166832 275000000
42442205 261000000
42703537 247000000
42950858 235000000
43186131 251000000
43437532 275000000
43712888 270000000
43983232 258000000
44241591 245000000
44486914 233000000
44720186 248000000
44968509 272000000
45240842 267000000
45508162 255000000
45763459 243000000
46006717 259000000
46266051 285000000
46551441 279000000
46830774 266000000
47097131 253000000
47350479 240000000
47590823 229000000
47820042 244000000
48064396 266000000
48330771 261000000
48592125 250000000
48842483 238000000
49080688 254000000
49335050 279000000
49614336 273000000
49887617 261000000
50148938 248000000
50397230 236000000
50633463 252000000
50885772 276000000
51162100 270000000
51432449 258000000
51690814 246000000
51937076 263000000
52200461 289000000
52489800 283000000
52773183 270000000
53043550 256000000
53299921 243000000
53543190 232000000
53775438 247000000
54022779 270000000
54293150 265000000
54558503 253000000
54811865 241000000
55053079 257000000
55310436 283000000
55593812 277000000
55871185 264000000
56135553 251000000
56386853 239000000
56626141 255000000
56881516 279000000
57160886 274000000
57435245 262000000
57697588 249000000
57946848 236000000
58183074 252000000
58435386 276000000
58711684 271000000
58983002 259000000
59242356 246000000
59488617 234000000
59722890 250000000
59973241 273000000
60246805 268000000
60515115 256000000
60771375 244000000
61015619 261000000
61276955 287000000
61564308 281000000
61845647 268000000
62113974 254000000
62368335 242000000
62610663 230000000
62840927 245000000
63086280 268000000
63354623 263000000
63617972 251000000
63869308 239000000
64108576 255000000
64363928 280000000
64644283 275000000
64919600 262000000
65181957 249000000
65431297 237000000
65668558 253000000
65921906 277000000
66199268 272000000
66471627 260000000
66731977 247000000
66979271 264000000
67243625 291000000
67535009 285000000
67820325 272000000
68092625 258000000
68350971 245000000
68596349 233000000
68829608 248000000
69077985 271000000
69349334 266000000
69615688 254000000
69869994 242000000
70112290 231000000
70343557 246000000
70589922 268000000
70858273 263000000
71121629 252000000
71373983 240000000
71614262 256000000
71870603 281000000
72151962 276000000
72428320 263000000
72691628 250000000
72941991 238000000
73180249 254000000
73434610 278000000
73712919 273000000
73986251 260000000
74246617 247000000
74493987 235000000
74729261 251000000
74980631 275000000
75255973 270000000
75526343 258000000
75784643 245000000
76029936 262000000
76292278 288000000
76580638 283000000
76863987 269000000
77133343 256000000
77389703 243000000
77633053 231000000
77864329 246000000
78110695 269000000
78380040 264000000
78644400 252000000
78896759 240000000
79136986 257000000
79394300 282000000
79676598 276000000
79952908 264000000
80217175 251000000
80468498 238000000
80706706 254000000
80961070 279000000
81240391 273000000
81513670 261000000
81775004 248000000
82023350 236000000
82259589 252000000
82511868 276000000
82788075 270000000
83058363 258000000
83316661 246000000
83562924 263000000
83826230 289000000
84115459 283000000
84398777 270000000
84669129 256000000
84925487 243000000
85168838 232000000
85401068 247000000
85648331 270000000
85918684 265000000
86184038 253000000
86437384 241000000
86678651 257000000
86936021 283000000
87219323 277000000
87496559 264000000
87760843 251000000
88012189 239000000
88251436 255000000
88506791 280000000
88787141 274000000
89061475 262000000
89323829 249000000
89573168 237000000
89810441 252000000
90062749 277000000
90340129 271000000
90611479 259000000
90870832 246000000
91117173 234000000
91351438 250000000
91601784 274000000
91876142 268000000
92144498 256000000
92400810 244000000
92645021 261000000
92906261 287000000
93193574 281000000
93474930 268000000
93743282 254000000
93997661 242000000
94240007 230000000
94470276 245000000
94715568 268000000
94983913 263000000
95247208 251000000
95498509 239000000
95737756 256000000
95994112 280000000
96274484 275000000
96549819 262000000
96812052 249000000
97061362 237000000
97298610 253000000
97551958 277000000
97829302 272000000
98101602 260000000
98361902 247000000
98609220 235000000
98844477 251000000
99095828 274000000
99370172 269000000
99639519 257000000
99896808 245000000
100142066 262000000
100404426 288000000
100692743 282000000
100975072 269000000
101244446 255000000
101499801 242000000
101742119 231000000
101973371 246000000
102219661 268000000
102488007 263000000
102751335 252000000
103003695 240000000
103243957 256000000
103500291 281000000
103781663 276000000
104058024 263000000
104321325 250000000
104571656 238000000
104809921 254000000
105064251 278000000
105342585 273000000
105615957 260000000
105876308 248000000
106124648 235000000
106359910 251000000
106611251 275000000
106886568 270000000
107156940 258000000
107415298 245000000
107660534 262000000
107922892 288000000
108211164 283000000
108494518 270000000
108764848 256000000
109021209 243000000
109264517 231000000
109495781 246000000
109742126 269000000
110011469 264000000
110275812 253000000
110529102 240000000
110769381 257000000
111026693 282000000
111308999 277000000
111586301 264000000
111850647 251000000
112101997 238000000
112340267 254000000
112594626 279000000
112873938 274000000
113148236 261000000
113409578 248000000
113657912 236000000
113894197 252000000
114146537 276000000
114422895 271000000
114694238 258000000
114952540 246000000
115198885 234000000
115433145 249000000
115682519 273000000
115955840 268000000
116224172 256000000
116480498 243000000
116723769 260000000
116984148 286000000
117270511 280000000
117550827 267000000
117818197 254000000
118072519 241000000
118313877 230000000
118544133 245000000
118789499 267000000
119056819 262000000
119319179 251000000
119570427 239000000
119809661 255000000
120065011 280000000
120345779 274000000
120620022 262000000
120882341 249000000
121131611 237000000
121368867 253000000
121622221 277000000
121899574 271000000
122170895 259000000
122430264 246000000
122676545 264000000
122940889 290000000
123231173 284000000
123515496 271000000
123786849 257000000
124044205 244000000
124288576 232000000
124520809 248000000
124769202 271000000
125040532 266000000
125306832 254000000
125561235 242000000
125803488 258000000
126061770 284000000
126346051 278000000
126624443 265000000
126889791 252000000
127142118 239000000
127381396 256000000
127637678 281000000
127919021 275000000
128194307 263000000
128457585 249000000
128706882 237000000
128944155 253000000
129197496 277000000
129474784 272000000
129747097 260000000
130007440 247000000
130254773 235000000
130490038 251000000
130741383 274000000
131015718 269000000
131285059 257000000
131542382 245000000
131787726 233000000
132021004 248000000
132269333 271000000
132540564 266000000
132806864 255000000
133062231 242000000
133304492 259000000
133563793 285000000
133849091 279000000
134128442 266000000
134394816 253000000
134648154 240000000
134888458 256000000
135144802 281000000
135426142 276000000
135702512 263000000
135965808 250000000
136216129 238000000
136454417 254000000
136708745 278000000
136987226 273000000
137260468 261000000
137521733 248000000
137770008 236000000
138006236 251000000
138257562 275000000
138532891 270000000
138803176 258000000
139061506 245000000
139306891 233000000
139540126 249000000
139789477 272000000
140061823 267000000
140329167 255000000
140584519 243000000
140827783 260000000
141088055 285000000
141373368 280000000
141653719 267000000
141921065 253000000
142174410 241000000
142415786 229000000
142645051 244000000
142889385 266000000
143155729 262000000
143418082 250000000
143668385 238000000
143906646 254000000
144161013 279000000
144440327 274000000
144714716 261000000
144976076 248000000
145224375 266000000
145490739 293000000
145784095 287000000
146071451 273000000
146344812 259000000
146604176 246000000
146850538 234000000
147084841 249000000
147334204 273000000
147607561 268000000
147875918 256000000
148132287 243000000
148375646 232000000
148607931 247000000
148855279 270000000
149125645 265000000
149390991 253000000
149644365 241000000
149885666 258000000
150144040 283000000
150427389 277000000
150704775 265000000
150970067 251000000
151221467 239000000
151460665 255000000
151716034 280000000
151996383 274000000
152270753 262000000
152533111 249000000
152782477 237000000
153019718 253000000
153273072 277000000
153550432 272000000
153822751 259000000
154082128 246000000
154328496 235000000
154563806 250000000
154814170 274000000
155088519 269000000
155357816 257000000
155615197 244000000
155859452 261000000
156120810 287000000
156408151 281000000
156689522 268000000
156957867 255000000
157213227 242000000
157455556 230000000
157685849 245000000
157931223 268000000
158199594 263000000
158462942 252000000
158715314 239000000
158954561 256000000
159210927 281000000
159492269 275000000
159767624 263000000
160030970 250000000
160281308 237000000
160518573 253000000
160771930 278000000
161050272 272000000
161322618 260000000
161582974 247000000
161830306 235000000
162065604 251000000
162316977 275000000
162592341 269000000
162861688 257000000
163119041 245000000
163364306 262000000
163626680 288000000
163915035 282000000
164197393 269000000
164466736 255000000
164722093 242000000
164964459 231000000
165195724 246000000
165442069 269000000
165711446 264000000
165975794 252000000
166228155 240000000
166468465 256000000
166724804 281000000
167006157 276000000
167282512 263000000
167545855 250000000
167796200 238000000
168034468 254000000
168288808 278000000
168567159 273000000
168840501 261000000
169101861 248000000
169350212 236000000
169586500 251000000
169837856 275000000
170113244 270000000
170383575 258000000
170641952 245000000
170887218 263000000
171150592 289000000
171439909 283000000
171723300 270000000
171993642 256000000
172249993 243000000
172493354 231000000
172724630 247000000
172971978 269000000
173241332 264000000
173505685 253000000
173759047 241000000
174000307 257000000
174257652 282000000
174539996 277000000
174817353 264000000
175081734 251000000
175333095 238000000
175571378 255000000
175826731 279000000
176106122 274000000
176380519 261000000
176641896 248000000
176890237 236000000
177126529 252000000
177378917 276000000
177655273 271000000
177926612 259000000
178185990 246000000
178432326 234000000
178666625 250000000
178916974 273000000
179190339 268000000
179458685 256000000
179715066 244000000
179959316 260000000
180219685 286000000
180506443 281000000
180787789 268000000
181056138 254000000
181310496 241000000
181551875 230000000
181782142 245000000
182027497 267000000
182294852 262000000
182557196 251000000
182808505 239000000
183047801 255000000
183303137 280000000
183583495 275000000
183858853 262000000
184121230 249000000
184370559 237000000
184607844 253000000
184861182 277000000
185138548 272000000
185410869 259000000
185670185 247000000
185917456 264000000
186181835 290000000
186472202 285000000
186757578 271000000
187028976 257000000
187286330 244000000
187530681 233000000
187763940 248000000
188012274 271000000
188283614 266000000
188549994 254000000
188804330 242000000
189046619 259000000
189305949 284000000
189590298 278000000
189868598 266000000
190134962 252000000
190387298 240000000
190627658 228000000
190855877 243000000
191099270 265000000
191364561 260000000
191624913 249000000
191874221 237000000
192111465 253000000
192364784 278000000
192643081 272000000
192915397 260000000
193175687 247000000
193422955 265000000
193688189 291000000
193979525 286000000
194265857 272000000
194538182 258000000
194796523 245000000
195041855 233000000
195275117 248000000
195523412 272000000
195795714 267000000
196063069 255000000
196318416 242000000
196560693 259000000
196819954 285000000
197105254 279000000
197384538 266000000
197650910 253000000
197904261 240000000
198144552 229000000
198373767 244000000
198618056 266000000
198884395 261000000
199145737 250000000
199396119 238000000
199634357 254000000
199888647 279000000
200168021 273000000
200441309 261000000
200702693 248000000
200951030 236000000
201187305 252000000
201439562 275000000
201714883 270000000
201985230 258000000
202243580 245000000
202488844 263000000
202752145 289000000
203041453 283000000
203324782 270000000
203595146 256000000
203851438 243000000
204094743 231000000
204325997 247000000
204573291 270000000
204843537 265000000
205108778 253000000
205362023 241000000
205603266 257000000
205860569 282000000
206142892 277000000
206420176 264000000
206684524 251000000
206935878 239000000
207175105 255000000
207430407 279000000
207709681 274000000
207983997 261000000
208245303 248000000
208493641 236000000
208729905 252000000
208982233 276000000
209258583 271000000
209529940 259000000
209789304 246000000
210035638 234000000
210269914 250000000
210520195 273000000
210793508 268000000
211061882 256000000
211318254 244000000
211562523 261000000
211823860 286000000
212110195 281000000
212391568 268000000
212659902 254000000
212914223 241000000
213155509 230000000
213385763 245000000
213631089 267000000
213898477 263000000
214161839 251000000
214413203 239000000
214652481 255000000
214907839 280000000
215188119 275000000
215463409 262000000
215725740 249000000
215975108 237000000
216212350 253000000
216465680 277000000
216743050 272000000
217015322 260000000
217275582 247000000
217522859 264000000
217787181 291000000
218078463 285000000
218363814 271000000
218635113 257000000
218892493 244000000
219136846 233000000
219370033 248000000
219618337 271000000
219889657 266000000
220155970 254000000
