0 333333333
333599 233000000
566816 238000000
805150 233000000
1038482 227000000
1265736 233000000
1498996 238000000
1737332 233000000
1970674 227000000
2197951 233000000
2431226 238000000
2669568 233000000
2902863 227000000
3130128 233000000
3363412 238000000
3601704 233000000
3835053 227000000
4062318 233000000
4295657 227000000
4522930 233000000
4756278 227000000
4983544 233000000
5216913 227000000
5444186 233000000
5677540 227000000
5904804 233000000
6138142 227000000
6365405 233000000
6598790 227000000
6826063 233000000
7059411 227000000
7286666 233000000
7520040 227000000
7747313 233000000
7980682 227000000
8207942 233000000
8441227 238000000
8679588 233000000
8912953 227000000
9140239 233000000
9373515 238000000
9611883 233000000
9845258 227000000
10072517 233000000
10305776 238000000
10544097 233000000
10777469 227000000
11004699 233000000
11237962 238000000
11476327 233000000
11709694 227000000
11936964 233000000
12170225 238000000
12408508 233000000
12641814 227000000
12869093 233000000
13102365 238000000
13340714 233000000
13574076 227000000
13801340 233000000
14034604 238000000
14272946 233000000
14506305 227000000
14733559 233000000
14966786 238000000
15205138 233000000
15438500 227000000
15665763 233000000
15899029 238000000
16137377 233000000
16370740 227000000
16598020 233000000
16831284 238000000
17069624 233000000
17302906 227000000
17530168 233000000
17763433 238000000
18001786 233000000
18235133 227000000
18462400 233000000
18695725 227000000
18923010 233000000
19156351 227000000
19383613 233000000
19616951 227000000
19844211 233000000
20077549 227000000
20304839 233000000
20538185 227000000
20765450 233000000
20998738 227000000
21225974 233000000
21459327 227000000
21686594 233000000
21919913 227000000
22147187 233000000
22380541 227000000
22607823 233000000
22841081 238000000
23079426 233000000
23312778 227000000
23540041 233000000
23773311 238000000
24012189 233000000
24245517 227000000
24472803 233000000
24706077 238000000
24944426 233000000
25177753 227000000
25405001 233000000
25638296 238000000
25876644 233000000
26110016 227000000
26337286 233000000
26570551 238000000
26808899 233000000
27042243 227000000
27269509 233000000
27502780 238000000
27741138 233000000
27974486 227000000
28201750 233000000
28435005 238000000
28673366 233000000
28906722 227000000
29133992 233000000
29367250 238000000
29605600 233000000
29838976 227000000
30066245 233000000
30299517 238000000
30537864 233000000
30771221 227000000
30998469 233000000
31231674 238000000
31470030 233000000
31703379 227000000
31930639 233000000
32163922 238000000
32402260 233000000
32635611 227000000
32862823 233000000
33096160 227000000
33323440 233000000
33556794 227000000
33784072 233000000
34017427 227000000
34244682 233000000
34478017 227000000
34705277 233000000
34938610 227000000
35165876 233000000
35399199 227000000
35626480 233000000
35859864 227000000
36087128 233000000
36320438 227000000
36547702 233000000
36781037 227000000
37008290 233000000
37241541 238000000
37479877 233000000
37713237 227000000
37940510 233000000
38173779 238000000
38412120 233000000
38645484 227000000
38872755 233000000
39106023 238000000
39344351 233000000
39577722 227000000
39804991 233000000
40038261 238000000
40276601 233000000
40509946 227000000
40737217 233000000
40970476 238000000
41208815 233000000
41442187 227000000
41669450 233000000
41902720 238000000
42141097 233000000
42374334 227000000
42601505 233000000
42834669 238000000
43072906 233000000
43306152 227000000
43533336 233000000
43766593 238000000
44004883 233000000
44238203 227000000
44465471 233000000
44698790 238000000
44937018 233000000
45170238 227000000
45397418 233000000
45630615 238000000
45868878 233000000
46102098 227000000
46329255 233000000
46562416 238000000
46800661 233000000
47033908 227000000
47261085 233000000
47494323 227000000
47721507 233000000
47954775 227000000
48181945 233000000
48415158 227000000
48642390 233000000
48875721 227000000
49102920 233000000
49336202 227000000
49563378 233000000
49796631 227000000
50023864 233000000
50257123 227000000
50484290 233000000
50717545 227000000
50944715 233000000
51177947 227000000
51405113 233000000
51638285 238000000
51876517 233000000
52109754 227000000
52336973 233000000
52570204 238000000
52808470 233000000
53041795 227000000
53268976 233000000
53502152 238000000
53740380 233000000
53973623 227000000
54200807 233000000
54433986 238000000
54672224 233000000
54905463 227000000
55132639 233000000
55365822 238000000
55604062 233000000
55837291 227000000
56064471 233000000
56297649 238000000
56535889 233000000
56769125 227000000
56996303 233000000
57229466 238000000
57467715 233000000
57700955 227000000
57928130 233000000
58161390 238000000
58399646 233000000
58632890 227000000
58860084 233000000
59093273 238000000
59331521 233000000
59564772 227000000
59791960 233000000
60025161 238000000
60263433 233000000
60496703 227000000
60723905 233000000
60957107 238000000
61195375 233000000
61428679 227000000
61655934 233000000
61889170 227000000
62116388 233000000
62349617 227000000
62576792 233000000
62810030 227000000
63037255 233000000
63270623 227000000
63497916 233000000
63731300 227000000
63958550 233000000
64191888 227000000
64419137 233000000
64652457 227000000
64879760 233000000
65113070 227000000
65340338 233000000
65573690 227000000
65800949 233000000
66034211 238000000
66272553 233000000
66505905 227000000
66733172 233000000
66966436 238000000
67204778 233000000
67438126 227000000
67665396 233000000
67898669 238000000
68137020 233000000
68370366 227000000
68597626 233000000
68830894 238000000
69069248 233000000
69302604 227000000
69529868 233000000
69763143 238000000
70001487 233000000
70234852 227000000
70462113 233000000
70695379 238000000
70933741 233000000
71167100 227000000
71394374 233000000
71627639 238000000
71865986 233000000
72099887 227000000
72327159 233000000
72560346 238000000
72798656 233000000
73032032 227000000
73259308 233000000
73492583 238000000
73730930 233000000
73964288 227000000
74191556 233000000
74424824 238000000
74663173 233000000
74896529 227000000
75123802 233000000
75357079 238000000
75595426 233000000
75828798 227000000
76056065 233000000
76289411 227000000
76516683 233000000
76750016 227000000
76977274 233000000
77210615 227000000
77437894 233000000
77671230 227000000
77898494 233000000
78131827 227000000
78359090 233000000
78592432 227000000
78819725 233000000
79053080 227000000
79280350 233000000
79513680 227000000
79740940 233000000
79974309 227000000
80201575 233000000
80434865 238000000
80673220 233000000
80906576 227000000
81133845 233000000
81367124 238000000
81605483 233000000
81838834 227000000
82066092 233000000
82299355 238000000
82537693 233000000
82771044 227000000
82998317 233000000
83231582 238000000
83469917 233000000
83703243 227000000
83930455 233000000
84163704 238000000
84402044 233000000
84635414 227000000
84862704 233000000
85095964 238000000
85334308 233000000
85567661 227000000
85794926 233000000
86028207 238000000
86266512 233000000
86499837 227000000
86727112 233000000
86960379 238000000
87198731 233000000
87432092 227000000
87659374 233000000
87892647 238000000
88130939 233000000
88364278 227000000
88591526 233000000
88824821 238000000
89063158 233000000
89296508 227000000
89523772 233000000
89757049 238000000
89995379 233000000
90228733 227000000
90455980 233000000
90689204 238000000
90927576 233000000
91160938 227000000
91388208 233000000
91621538 227000000
91848813 233000000
92082218 227000000
92309434 233000000
92542787 227000000
92770063 233000000
93003409 227000000
93230668 233000000
93463994 227000000
93691276 233000000
93924590 227000000
94151903 233000000
94385244 227000000
94612516 233000000
94845876 227000000
95073126 233000000
95306497 227000000
95533749 233000000
95767053 238000000
96005409 233000000
96238783 227000000
96466042 233000000
96699305 238000000
96937623 233000000
97170955 227000000
97398231 233000000
97631502 238000000
97869847 233000000
98103203 227000000
98330465 233000000
98563727 238000000
98802017 233000000
99035350 227000000
99262641 233000000
99495933 238000000
99734297 233000000
99967655 227000000
100194881 233000000
100428202 238000000
100666509 233000000
100899918 227000000
101127156 233000000
101360439 238000000
101598746 233000000
101832063 227000000
102059343 233000000
102292557 238000000
102530890 233000000
102764250 227000000
102991526 233000000
103224799 238000000
103463147 233000000
103696455 227000000
103923747 233000000
104157027 238000000
104395376 233000000
