0 333333333
333597 160000000
493829 136000000
630170 124000000
754437 127000000
881706 138000000
1019964 150000000
1170224 159000000
1329546 172000000
1501814 184000000
1686153 199000000
1885490 197000000
2082751 209000000
2292099 227000000
2519383 223000000
2742647 239000000
2981989 261000000
3243332 257000000
3500676 246000000
3746942 264000000
4011306 290000000
4301651 285000000
4586998 271000000
4858338 257000000
5115657 244000000
5360001 232000000
5592270 248000000
5840556 271000000
6111878 266000000
6378225 254000000
6632559 242000000
6874824 259000000
7134104 284000000
7418413 278000000
7696733 266000000
7963080 252000000
8215434 240000000
8455757 228000000
8684021 243000000
8927363 265000000
9192705 260000000
9453039 249000000
9702350 237000000
9939617 253000000
10192957 278000000
10471311 272000000
10743653 260000000
11003996 247000000
11251261 265000000
11516629 291000000
11807982 286000000
12094341 272000000
12366678 258000000
12625025 245000000
12870365 233000000
13103550 248000000
13351843 272000000
13624190 267000000
13891550 255000000
14146898 242000000
14389169 259000000
14648508 285000000
14933853 279000000
15213201 266000000
15479492 253000000
15732841 240000000
15973178 229000000
16202448 244000000
16446798 266000000
16713124 261000000
16974482 250000000
17224797 238000000
17463059 254000000
17717398 278000000
17995745 273000000
18269096 261000000
18530460 248000000
18778745 265000000
19044092 252000000
19296447 275000000
19571797 270000000
19842150 258000000
20100504 245000000
20345781 234000000
20580045 249000000
20829395 272000000
21101754 267000000
21369092 255000000
21624435 243000000
21867699 260000000
22128045 286000000
22414403 280000000
22694759 267000000
22962103 253000000
23215429 241000000
23456697 257000000
23714059 282000000
23996412 277000000
24273758 264000000
24538113 251000000
24789459 239000000
25028726 255000000
25284084 279000000
25563402 274000000
25837752 261000000
26099089 248000000
26347421 236000000
26583683 252000000
26836038 276000000
27112396 271000000
27383750 259000000
27643065 246000000
27889389 234000000
28123651 250000000
28373992 273000000
28647385 268000000
28915736 256000000
29172091 244000000
29416362 261000000
29677696 286000000
29964033 281000000
30245371 268000000
30513647 254000000
30767990 241000000
31009325 230000000
31239522 245000000
31484861 267000000
31752195 263000000
32015517 251000000
32266861 239000000
32506123 255000000
32761469 280000000
33041771 275000000
33317118 262000000
33579465 249000000
33828827 237000000
34066037 253000000
34319370 277000000
34596718 272000000
34869052 259000000
35128396 247000000
35375740 235000000
35611010 250000000
35861326 274000000
36135680 269000000
36405017 257000000
36662358 244000000
36906614 261000000
37167952 287000000
37455303 282000000
37737650 268000000
38005986 255000000
38261340 242000000
38503609 230000000
38733868 245000000
38979204 268000000
39247536 263000000
39510871 252000000
39763234 240000000
40003506 256000000
40259769 281000000
40541092 275000000
40816449 263000000
41079790 250000000
41330122 238000000
41568386 253000000
41821730 278000000
42100065 273000000
42373406 260000000
42633746 247000000
42881024 235000000
43116293 251000000
43367627 275000000
43642970 270000000
43913314 258000000
44171645 245000000
44416916 262000000
44679238 288000000
44967612 282000000
45249957 269000000
45519308 255000000
45774648 243000000
46017984 231000000
46249246 246000000
46495587 269000000
46764932 264000000
47029276 252000000
47281611 240000000
47521886 257000000
47779218 282000000
48061566 276000000
48337899 264000000
48602237 250000000
48852570 238000000
49090827 254000000
49345157 279000000
49624496 273000000
49897831 261000000
50159163 248000000
50407431 236000000
50643687 252000000
50896018 276000000
51172351 270000000
51442680 258000000
51701011 246000000
51947294 263000000
52210637 289000000
52499974 283000000
52783313 270000000
53053604 256000000
53309948 243000000
53553288 232000000
53785554 247000000
54032898 270000000
54303228 265000000
54568569 253000000
54821921 241000000
55063183 257000000
55320533 283000000
55603883 277000000
55881254 264000000
56145578 251000000
56396913 239000000
56636170 255000000
56891501 279000000
57170811 274000000
57445164 262000000
57707460 249000000
57956795 236000000
58193034 252000000
58445376 276000000
58721709 271000000
58993042 259000000
59252374 246000000
59498705 234000000
59732968 250000000
59983304 273000000
60256645 268000000
60524998 256000000
60781331 244000000
61025590 261000000
61286926 287000000
61574260 281000000
61855593 268000000
62123931 254000000
62378268 242000000
62620602 230000000
62850862 245000000
63096197 268000000
63364530 263000000
63627864 251000000
63879196 239000000
64118451 255000000
64373791 280000000
64654091 275000000
64929388 262000000
65191732 249000000
65441061 237000000
65678325 253000000
65931659 277000000
66209009 272000000
66481344 260000000
66741677 247000000
66989007 235000000
67224273 250000000
67474605 274000000
67748940 269000000
68018278 257000000
68275618 244000000
68519884 261000000
68781236 287000000
69068569 282000000
