0 333333333
333654 263000000
596910 271000000
868254 271000000
1139579 271000000
1410922 271000000
1682259 271000000
1953593 271000000
2224941 271000000
2496226 278000000
2774599 278000000
3052911 278000000
3331274 278000000
3609629 278000000
3887989 278000000
4166326 278000000
4444626 278000000
4722980 278000000
5001249 286000000
5287587 286000000
5573882 286000000
5860253 286000000
6146617 286000000
6432961 286000000
6719300 286000000
7005651 286000000
7292001 286000000
7578306 286000000
7864652 286000000
8150987 286000000
8437262 294000000
8731619 294000000
9025982 294000000
9320315 294000000
9614665 294000000
9909048 294000000
10203324 294000000
10497675 294000000
10792005 294000000
11086345 294000000
11380700 294000000
11675035 294000000
11969367 294000000
12263718 294000000
12558059 294000000
12852385 294000000
13146709 294000000
13440973 303000000
13744314 303000000
14047673 303000000
14351014 303000000
14654358 303000000
14957690 303000000
15261051 303000000
15564402 303000000
15867744 303000000
16171090 303000000
16474429 303000000
16777765 303000000
17081114 303000000
17384389 303000000
17687727 303000000
17991061 303000000
18294390 303000000
18597740 303000000
18901081 303000000
19204403 303000000
19507725 303000000
19811060 303000000
20114363 303000000
20417697 303000000
20721046 303000000
21024473 303000000
21327812 303000000
21631146 303000000
21934480 303000000
22237829 303000000
22541160 303000000
22844351 313000000
23157695 313000000
23471044 313000000
23784310 313000000
24097649 313000000
24410987 313000000
24724325 313000000
25037671 313000000
25351021 313000000
25664324 313000000
25977687 313000000
26290964 313000000
26604299 303000000
26907555 313000000
27220889 313000000
27534225 313000000
27847560 313000000
28160890 313000000
28474220 313000000
28787555 313000000
29100887 313000000
29414222 313000000
29727555 313000000
30040891 313000000
30354243 313000000
30667600 313000000
30980949 313000000
31294301 313000000
31607641 313000000
31920977 313000000
32234327 313000000
32547683 313000000
32861027 313000000
33174346 313000000
33487711 313000000
33801062 313000000
34114404 313000000
34427743 313000000
34741089 313000000
35054361 313000000
35367694 313000000
35680974 313000000
35984250 313000000
36297585 313000000
36610920 313000000
36924257 313000000
37237609 313000000
37550944 313000000
37864291 313000000
38177643 313000000
38490956 313000000
38804280 313000000
39117645 313000000
39431004 313000000
39744358 313000000
40057712 313000000
40371011 313000000
40684378 313000000
40997738 313000000
41311101 313000000
41624464 313000000
41937810 313000000
42251135 313000000
42564504 313000000
42877838 313000000
43191190 313000000
43504486 313000000
43817842 313000000
44131204 313000000
44444557 313000000
44757900 313000000
45071286 303000000
45374566 313000000
45687918 313000000
46001269 313000000
46314620 313000000
46627963 313000000
46941313 313000000
47254676 313000000
47567975 313000000
47881305 313000000
48194911 313000000
48508163 313000000
48821377 313000000
49134647 313000000
49447982 313000000
49761285 313000000
50074606 313000000
50387972 313000000
50701276 313000000
51014550 313000000
51327888 313000000
51641201 313000000
51954492 313000000
52267771 313000000
52581075 313000000
52894378 313000000
53207613 313000000
53520950 313000000
53834334 313000000
54147697 313000000
54460982 323000000
54774272 313000000
55087588 313000000
55400899 313000000
55714188 313000000
56027478 313000000
56340736 313000000
56654016 313000000
56967327 313000000
57280627 313000000
57593946 313000000
57907268 313000000
58220523 313000000
58533807 313000000
58847093 313000000
59160385 313000000
59473740 313000000
59787011 313000000
60100284 313000000
60413553 313000000
60726857 313000000
61040245 313000000
61353601 313000000
61666937 313000000
61980297 313000000
62293629 313000000
62606980 313000000
62920329 313000000
63233687 313000000
63547023 313000000
63860347 313000000
64173685 313000000
64486999 313000000
64800320 313000000
65113674 313000000
65426966 313000000
65740230 313000000
66053522 313000000
66366847 313000000
66680240 313000000
66993579 313000000
67306949 313000000
67620315 313000000
67933657 313000000
68246973 313000000
68560250 313000000
68873591 313000000
69186897 313000000
69500224 313000000
69813560 313000000
70126872 313000000
70440198 313000000
70753573 313000000
71066911 313000000
71380189 313000000
71693498 313000000
72006793 313000000
72320150 313000000
72633506 313000000
72946813 313000000
73260149 313000000
73573492 313000000
73886876 313000000
74200197 313000000
74513572 313000000
74826864 313000000
75140179 313000000
75453505 313000000
75766797 313000000
76080088 313000000
76393354 313000000
76706682 313000000
77020030 313000000
77333337 313000000
77646686 313000000
77959932 313000000
78273153 313000000
78586478 313000000
78899829 313000000
79213160 313000000
79526458 313000000
79839738 313000000
80152994 313000000
80466316 313000000
80779646 313000000
81092943 313000000
81406257 313000000
81719628 313000000
82032970 313000000
82346322 313000000
82659649 313000000
82972997 313000000
83286334 313000000
83599673 313000000
83913007 313000000
84226318 313000000
84539612 313000000
84852897 313000000
85166240 313000000
85479525 313000000
85792895 313000000
86106263 313000000
86419583 313000000
86732934 313000000
87046236 313000000
87359567 313000000
87672900 313000000
87986236 313000000
88299508 313000000
88612828 313000000
88926133 313000000
89239520 313000000
89552836 313000000
89866115 313000000
90179342 313000000
90492598 313000000
90805855 313000000
91119131 313000000
91432483 313000000
91745844 313000000
92059210 313000000
92372537 313000000
92685904 313000000
92999255 313000000
93312541 313000000
93625823 313000000
93939158 313000000
94252453 313000000
94565803 313000000
94879167 313000000
95192447 313000000
95505784 313000000
95819110 313000000
96132442 313000000
96445781 313000000
96759136 313000000
97072512 313000000
97385858 313000000
97699212 313000000
98012487 313000000
98325831 313000000
98639200 313000000
98952548 313000000
99265883 313000000
99579273 313000000
99892624 313000000
100206007 313000000
100519346 313000000
100832675 313000000
101146048 313000000
101459390 313000000
101772756 313000000
102086128 313000000
102399493 313000000
102712846 313000000
103026119 313000000
103339415 313000000
103652698 313000000
103966030 313000000
104279393 313000000
104592752 313000000
104906112 313000000
105219449 313000000
105532774 313000000
105846132 313000000
106159429 313000000
106472737 313000000
106786069 313000000
107099430 313000000
107412762 313000000
107726094 313000000
108039441 313000000
108353201 313000000
108666547 313000000
108979857 313000000
109293169 313000000
109606436 313000000
109919801 313000000
110233146 313000000
110546484 313000000
110859803 313000000
111173086 313000000
111486431 313000000
111799779 313000000
112113137 313000000
112426399 313000000
112739723 313000000
113053086 313000000
113366421 313000000
113679770 313000000
113993113 313000000
114306453 313000000
114619767 313000000
114933085 313000000
115246416 313000000
115559740 313000000
115873103 313000000
116186469 313000000
116499761 313000000
116813091 313000000
117126392 313000000
117439700 313000000
117753058 313000000
118066407 313000000
118379729 313000000
118693074 313000000
119006419 313000000
119319751 313000000
119633118 313000000
119946486 313000000
120259828 313000000
120573169 313000000
120886517 313000000
121199866 313000000
121513207 313000000
121826533 313000000
122139825 313000000
122453188 313000000
122766527 313000000
123079855 313000000
123393171 313000000
123706512 313000000
124019853 313000000
124333198 313000000
124646537 313000000
124959844 313000000
125273226 313000000
125586575 313000000
125899936 313000000
126213353 313000000
126526675 313000000
126840062 313000000
127153350 313000000
127466701 313000000
127779998 313000000
128093367 313000000
128406719 313000000
128720069 313000000
129033400 313000000
129346777 313000000
129660049 313000000
129973270 313000000
130286570 313000000
130599918 313000000
130913239 313000000
131226571 313000000
131539873 313000000
131853136 313000000
132166452 313000000
132479756 313000000
132793078 313000000
133106441 313000000
133419789 313000000
133733085 313000000
134046396 313000000
134359691 313000000
134672993 313000000
134986295 313000000
135299653 313000000
135613024 313000000
135926364 313000000
136239689 313000000
136553048 313000000
136866373 313000000
137179663 313000000
137492983 313000000
137806380 313000000
138119717 313000000
138433082 313000000
138746373 313000000
139059690 313000000
139373038 313000000
139686335 313000000
139999666 313000000
140312991 313000000
140626362 313000000
140939713 313000000
141253083 313000000
141566394 313000000
141879753 313000000
142193095 313000000
142506434 313000000
142819791 313000000
143133083 313000000
143446400 313000000
143759770 313000000
144073152 313000000
144386516 313000000
144699871 313000000
145013190 313000000
145326514 313000000
145639856 313000000
145953221 313000000
146266561 313000000
146579908 313000000
146893265 313000000
147206603 313000000
147519958 313000000
147833301 313000000
148146668 313000000
148459925 313000000
148773239 313000000
149086598 313000000
149399956 313000000
149713322 313000000
150026609 313000000
150339910 313000000
150653238 313000000
150966541 313000000
151279912 313000000
151593201 313000000
151906559 313000000
152219900 313000000
152533241 313000000
152846483 313000000
153159744 313000000
153473104 313000000
153786454 313000000
154099820 313000000
154413184 313000000
154726472 313000000
155039834 313000000
155353166 313000000
155666534 313000000
155979875 313000000
156293139 313000000
156606470 313000000
156919814 313000000
157233185 313000000
157546522 313000000
157859797 313000000
158173141 313000000
158486500 313000000
158799801 313000000
159113167 313000000
159426495 313000000
159739828 313000000
160053184 313000000
160366456 313000000
160679771 313000000
160993122 313000000
161306451 313000000
161619813 313000000
161933158 313000000
162246513 313000000
162559797 313000000
162873138 313000000
163186462 313000000
163499750 313000000
163813004 313000000
164126299 313000000
164439666 313000000
164753017 313000000
165066376 313000000
165379672 313000000
165692961 313000000
166006315 313000000
166319665 313000000
166632988 313000000
166946330 313000000
167259640 313000000
167572985 313000000
167886310 313000000
168199624 313000000
168513338 313000000
168826627 313000000
169139974 313000000
169453350 313000000
169766646 313000000
170080004 313000000
170393355 313000000
170706693 313000000
171020003 313000000
171333356 313000000
171646703 313000000
171959999 313000000
172273406 313000000
172586766 313000000
172900083 313000000
173213463 313000000
173526785 313000000
173840148 313000000
174153526 313000000
174466833 313000000
174780199 313000000
175093529 313000000
175406887 313000000
175720252 313000000
176033600 313000000
176346919 313000000
176660241 313000000
176973594 313000000
177286970 313000000
177600309 313000000
177913622 313000000
178226936 313000000
178540290 313000000
178853640 313000000
179167029 313000000
179480316 313000000
179793658 313000000
180106998 313000000
180420318 313000000
180733698 313000000
181047042 313000000
181360348 313000000
181673697 313000000
181987052 313000000
182300410 313000000
182613745 313000000
182927039 313000000
183240334 313000000
183553665 313000000
183866988 313000000
184180322 313000000
184493683 313000000
184807037 313000000
185120388 313000000
185433679 313000000
185747048 313000000
186060421 313000000
186373764 313000000
186687151 313000000
187000447 313000000
187313796 313000000
187627096 313000000
187940391 313000000
188253774 313000000
188567137 313000000
188880443 313000000
189193805 313000000
189507175 313000000
189820485 313000000
190133840 313000000
190447151 313000000
190760479 313000000
191073840 313000000
191387180 313000000
191700553 313000000
192013895 313000000
192327227 313000000
192640581 313000000
192953893 313000000
193267224 313000000
193580563 313000000
193893831 313000000
194207138 313000000
194520498 313000000
194833871 313000000
195147162 313000000
195460420 313000000
195773730 313000000
196087076 313000000
196400367 313000000
196713736 313000000
197027044 313000000
197340326 313000000
197653705 313000000
197967057 313000000
198280320 313000000
198593567 313000000
198906888 313000000
199220246 313000000
199533549 313000000
199846922 313000000
200160199 313000000
200473541 313000000
200786839 313000000
201100232 313000000
201413595 313000000
201726933 313000000
202040215 313000000
202353525 313000000
202666835 313000000
202980140 313000000
203293469 313000000
203606822 313000000
203920169 313000000
204233536 313000000
204546832 313000000
204860183 313000000
205173507 313000000
205486790 313000000
205800048 313000000
206113356 313000000
206426686 313000000
206739999 313000000
207053361 313000000
207366726 313000000
207680076 313000000
207993410 313000000
208306756 313000000
208620092 313000000
208933462 313000000
209246802 313000000
209560117 313000000
209873395 313000000
210186703 313000000
210500042 313000000
210813416 313000000
211126720 313000000
211440110 313000000
211753467 313000000
212066820 313000000
212380180 313000000
212693499 313000000
213006810 313000000
213320150 313000000
213633492 313000000
213946808 313000000
214260146 313000000
214573538 313000000
214886890 313000000
215200190 313000000
215513522 313000000
215826788 313000000
216140143 313000000
216453552 313000000
216766910 313000000
217080186 313000000
217393479 313000000
217706793 313000000
218020154 313000000
218333499 313000000
218646780 313000000
218960071 313000000
219273409 313000000
219586762 313000000
219900042 313000000
