0 333333333
333593 265000000
598816 253000000
852170 249000000
1101515 248000000
1349781 247000000
1597120 246000000
1843390 248000000
2091735 256000000
2348064 249000000
2597429 248000000
2845755 247000000
3093034 249000000
3342387 257000000
3599726 256000000
3856031 249000000
4105389 247000000
4352682 250000000
4603039 258000000
4861408 257000000
5118757 256000000
5375109 249000000
5624383 250000000
5874737 259000000
6134082 258000000
6392440 257000000
6649803 256000000
6906158 249000000
7155424 250000000
7405787 259000000
7665141 258000000
7923490 256000000
8179851 255000000
8435135 253000000
8688489 260000000
8948828 258000000
9207166 257000000
9464500 256000000
9720832 249000000
9970094 251000000
10221445 259000000
10480775 258000000
10739110 257000000
10996456 256000000
11252708 253000000
11505990 260000000
11766363 259000000
12025672 258000000
12284015 257000000
12541361 256000000
12797611 253000000
13050971 260000000
13311312 259000000
13570667 258000000
13829025 257000000
14086376 256000000
14342639 253000000
14595944 260000000
14856290 259000000
15115608 258000000
15373963 257000000
15631225 276000000
15907524 261000000
16168864 260000000
16429206 259000000
16688544 257000000
16945876 256000000
17202119 254000000
17456462 261000000
17717783 259000000
17977135 258000000
18235481 257000000
18492829 256000000
18749087 254000000
19003420 260000000
19263755 259000000
19523090 258000000
19781430 257000000
20038766 256000000
20295027 253000000
20548364 260000000
20808699 259000000
21068037 258000000
21326373 257000000
21583631 277000000
21860965 261000000
22122300 260000000
22382634 259000000
22641949 258000000
22900290 257000000
23157554 276000000
23433828 261000000
23695169 260000000
23955508 259000000
24214824 257000000
24472194 256000000
24728531 249000000
24977743 251000000
25229064 259000000
25488414 258000000
25746778 257000000
26004129 256000000
26260393 254000000
26514748 260000000
26775099 259000000
27034485 258000000
27292824 257000000
27550194 256000000
27806451 253000000
28059787 260000000
28320131 259000000
28579439 258000000
28837779 257000000
29095042 277000000
29372378 261000000
29633713 260000000
29894029 259000000
30153373 258000000
30411707 257000000
30668974 276000000
30945294 261000000
31206639 260000000
31466974 259000000
31726317 258000000
31984660 256000000
32240997 255000000
32496245 253000000
32749585 260000000
33009858 258000000
33268199 257000000
33525536 256000000
33781804 254000000
34036140 260000000
34296475 259000000
34555804 258000000
34814151 257000000
35071496 256000000
35327750 253000000
35581091 260000000
35841424 259000000
36100759 258000000
36359092 257000000
36616361 277000000
36893697 261000000
37155037 260000000
37415372 259000000
37674715 258000000
37933049 257000000
38190379 256000000
38446638 253000000
38699973 260000000
38960324 259000000
39219657 258000000
39477971 256000000
39734239 276000000
40010576 261000000
40271931 260000000
40532286 258000000
40790617 257000000
41047958 256000000
41304217 254000000
41558566 261000000
41819918 259000000
42079186 258000000
42337520 257000000
42594854 256000000
42851119 253000000
43104454 260000000
43364799 259000000
43624133 258000000
43882481 257000000
44139815 256000000
44396076 253000000
44649415 260000000
44909748 259000000
45169092 258000000
45427428 257000000
45684708 277000000
45962064 261000000
46223399 260000000
46483680 259000000
46743037 258000000
47001376 257000000
47258630 276000000
47534974 261000000
47796314 260000000
48056649 259000000
48315977 257000000
48573312 256000000
48829663 249000000
49078961 251000000
49330314 259000000
49589677 258000000
49848016 257000000
50105350 256000000
50361613 254000000
50615963 260000000
50876293 259000000
51135630 258000000
51393964 257000000
51651299 256000000
51907553 253000000
52160892 260000000
52421244 259000000
52680583 258000000
52938916 257000000
53196178 277000000
53473514 261000000
53734849 260000000
53995183 259000000
54254512 258000000
54512849 257000000
54770114 276000000
55046475 261000000
55307792 260000000
55568131 259000000
55827466 257000000
56084802 256000000
56341105 249000000
56590370 251000000
56841723 259000000
57101053 258000000
57359345 257000000
57616694 256000000
57872953 254000000
58127282 260000000
58387627 259000000
58646970 258000000
58905306 257000000
59162640 256000000
59418906 253000000
59672256 260000000
59932610 259000000
60192498 258000000
60450835 257000000
60708090 277000000
60985430 261000000
61246764 260000000
61507097 259000000
61766430 258000000
62024765 257000000
62282044 276000000
62558327 261000000
62819661 260000000
63079999 259000000
63339330 258000000
63597666 256000000
63853933 255000000
64109188 253000000
64362526 260000000
64622861 258000000
64881200 257000000
65138534 256000000
65394797 254000000
65649129 260000000
65909462 259000000
66168795 258000000
66427134 257000000
66684465 256000000
66940726 253000000
67194068 260000000
67454409 259000000
67713731 258000000
67972071 257000000
68229332 277000000
68506667 261000000
68768002 260000000
69028340 259000000
69287671 258000000
69546005 257000000
69803336 256000000
70059599 253000000
