0 333333333
333595 160000000
493859 136000000
630196 124000000
754464 127000000
881728 138000000
1020075 150000000
1170360 159000000
1329693 172000000
1501954 184000000
1686300 199000000
1885584 197000000
2082831 209000000
2292146 227000000
2519540 223000000
2742811 239000000
2982144 261000000
3243444 257000000
3500798 246000000
3747081 264000000
4011444 290000000
4301804 285000000
4587164 271000000
4858514 257000000
5115863 244000000
5360207 232000000
5592470 248000000
5840806 271000000
6112145 266000000
6378483 254000000
6632823 242000000
6875043 259000000
7134389 284000000
7418781 278000000
7697128 266000000
7963475 252000000
8215770 240000000
8456135 228000000
8684409 243000000
8927779 265000000
9193089 260000000
9453392 249000000
9702740 237000000
9940003 253000000
10193326 278000000
10471649 272000000
10743971 260000000
11004324 247000000
11251625 265000000
11517001 291000000
11808341 286000000
12094690 272000000
12367027 258000000
12625387 245000000
12870721 233000000
13103977 248000000
13352318 272000000
13624647 267000000
13891977 255000000
14147302 242000000
14389553 259000000
14648877 285000000
14934207 279000000
15213494 266000000
15479825 253000000
15733179 240000000
15973490 229000000
16202744 244000000
16447068 266000000
16713319 261000000
16974670 250000000
17225002 238000000
17463264 254000000
17717567 278000000
17995844 273000000
18269185 261000000
18530549 248000000
18778828 265000000
19044171 252000000
19296537 275000000
19571887 270000000
19842233 258000000
20100562 245000000
20345811 234000000
20580037 249000000
20829398 272000000
21101731 267000000
21369023 255000000
21624343 243000000
21867610 260000000
22127944 286000000
22414279 280000000
22694619 267000000
22961976 253000000
23215265 241000000
23456570 257000000
23713903 282000000
23996208 277000000
24273557 264000000
24537896 251000000
24789258 239000000
25028464 255000000
25283707 279000000
25563073 274000000
25837442 261000000
26098798 248000000
26347139 236000000
26583403 252000000
26835707 276000000
27112129 271000000
27383481 259000000
27642864 246000000
27889208 234000000
28123512 250000000
28373837 273000000
28647203 268000000
28915517 256000000
29171869 244000000
29416139 261000000
29677465 286000000
29963749 281000000
30245067 268000000
30513376 254000000
30767740 241000000
31009114 230000000
31239372 245000000
31484757 267000000
31752118 263000000
32015467 251000000
32266816 239000000
32506091 255000000
32761371 280000000
33041730 275000000
33317101 262000000
33579405 249000000
33828762 237000000
34066031 253000000
34319321 277000000
34596703 272000000
34868993 259000000
35128331 247000000
35375659 235000000
35610894 250000000
35861248 274000000
36135575 269000000
36404948 257000000
36662263 244000000
36906488 261000000
37167853 287000000
37455186 282000000
37737476 268000000
38005815 255000000
38261159 242000000
38503499 230000000
38733762 245000000
38979079 268000000
39247423 263000000
39510772 252000000
39763123 240000000
40003388 256000000
40259721 281000000
40541055 275000000
40816387 263000000
41079644 250000000
41329949 238000000
41568224 253000000
41821522 278000000
42099813 273000000
42373078 260000000
42633367 247000000
42880674 235000000
43115920 251000000
43367290 275000000
43642644 270000000
43912951 258000000
44171200 245000000
44416419 262000000
44678712 288000000
44966987 282000000
45249305 269000000
45518633 255000000
45773989 243000000
46017327 231000000
46248565 246000000
46494894 269000000
46764196 264000000
47028566 252000000
47280911 240000000
47521150 257000000
47778459 282000000
48060846 276000000
48337162 264000000
48601495 250000000
48851822 238000000
49090093 254000000
49344448 279000000
49623753 273000000
49897007 261000000
50158405 248000000
50406763 236000000
50643034 252000000
50895394 276000000
51171739 270000000
51442065 258000000
51700368 246000000
51946676 263000000
52210046 289000000
52499338 283000000
52782625 270000000
53052989 256000000
53309316 243000000
53552654 232000000
53784920 247000000
54032248 270000000
54302591 265000000
54567965 253000000
54821353 241000000
55062580 257000000
55319903 283000000
55603196 277000000
55880511 264000000
56144872 251000000
56396168 239000000
56635440 255000000
56890693 279000000
57169942 274000000
57444280 262000000
57706633 249000000
57955982 236000000
58192248 252000000
58444551 276000000
58720864 271000000
58992160 259000000
59251471 246000000
59497847 234000000
59732139 250000000
59982509 273000000
60256222 268000000
60524485 256000000
60780714 244000000
61025034 261000000
61286429 287000000
61573818 281000000
61855166 268000000
62123503 254000000
62377892 242000000
62620244 230000000
62850504 245000000
63095791 268000000
63364145 263000000
63627496 251000000
63878830 239000000
64118094 255000000
64373410 280000000
64653682 275000000
64928891 262000000
65191218 249000000
65440543 237000000
65677810 253000000
65931099 277000000
66208484 272000000
66480818 260000000
66741175 247000000
66988511 235000000
67223776 250000000
67474057 274000000
67748425 269000000
68017745 257000000
68275092 244000000
68519316 261000000
68780662 287000000
69068019 282000000
