0 333333333
333586 262000000
595848 269000000
865188 267000000
1132519 266000000
1398886 264000000
1663193 263000000
1926528 261000000
2187776 268000000
2456169 267000000
2723522 265000000
2988902 264000000
3253194 263000000
3516553 261000000
3777902 260000000
4038171 267000000
4305538 265000000
4570902 264000000
4835252 262000000
5097619 261000000
5358966 259000000
5618239 266000000
5884595 265000000
6149934 263000000
6413276 262000000
6675614 261000000
6936970 259000000
7196231 266000000
7462568 265000000
7727913 263000000
7991229 262000000
8253563 260000000
8513901 259000000
8773255 257000000
9030521 264000000
9294862 263000000
9558211 261000000
9819555 260000000
10079898 259000000
10339238 257000000
10596516 264000000
10860849 263000000
11124206 261000000
11385548 260000000
11645906 258000000
11904242 257000000
12161505 264000000
12425845 262000000
12688184 261000000
12949558 259000000
13208901 258000000
13467242 257000000
13724509 263000000
13987845 262000000
14250179 261000000
14511530 259000000
14770871 258000000
15029208 256000000
15285475 263000000
15548832 262000000
15811146 260000000
16071490 259000000
16330852 258000000
16589205 256000000
16845469 263000000
17108808 262000000
17371148 260000000
17631487 259000000
17890868 257000000
18148136 264000000
18412475 263000000
18675834 261000000
18937180 260000000
19197528 258000000
19455877 257000000
19713141 264000000
19977492 262000000
20239825 261000000
20501185 260000000
20761547 258000000
21019895 257000000
21277162 264000000
21541499 262000000
21803838 261000000
22065183 259000000
22324530 258000000
22582872 257000000
22840136 263000000
23103472 262000000
23365814 260000000
23626168 259000000
23885503 258000000
24143836 256000000
24400096 263000000
24663442 262000000
24925791 260000000
25186131 259000000
25445457 257000000
25702806 256000000
25959080 263000000
26222432 261000000
26483769 260000000
26744107 258000000
27002459 257000000
27259800 256000000
27516061 262000000
27778394 261000000
28039728 260000000
28300073 258000000
28558453 257000000
28815794 255000000
29071030 262000000
29333356 261000000
29594717 259000000
29854060 258000000
30112391 257000000
30369739 255000000
30625001 262000000
30887350 261000000
31148688 259000000
31408025 258000000
31666358 256000000
31922614 263000000
32185948 262000000
32448300 260000000
32708632 259000000
32967964 257000000
33225295 256000000
33481545 263000000
33744859 261000000
34006198 260000000
34266547 259000000
34525900 257000000
34783210 256000000
35039446 263000000
35302841 261000000
35564199 260000000
35824533 258000000
36082829 257000000
36340133 256000000
36596412 262000000
36858765 261000000
37120151 259000000
37379530 258000000
37637828 257000000
37895142 255000000
38150396 262000000
38412740 261000000
38674092 259000000
38933440 258000000
39191778 256000000
39448103 255000000
39703351 262000000
39965682 260000000
40226018 259000000
40485355 258000000
40743691 256000000
40999950 263000000
41263303 261000000
41524639 260000000
41784974 259000000
42044309 257000000
42301637 256000000
42557904 263000000
42821241 261000000
43082578 260000000
43342888 258000000
43601232 257000000
43858569 256000000
44114848 262000000
44377199 261000000
44638552 259000000
44897872 258000000
45156205 257000000
45413537 255000000
45668800 262000000
45931150 261000000
46192500 259000000
46451826 258000000
46710159 256000000
46966487 255000000
47221774 262000000
47484131 260000000
47744481 259000000
48003823 258000000
48262151 256000000
48518400 263000000
48781681 270000000
49052012 269000000
49321334 267000000
49588693 266000000
49854996 264000000
50119350 263000000
50382598 270000000
50652956 268000000
50921286 267000000
51188628 265000000
51453975 264000000
51718315 262000000
51980582 261000000
52241835 268000000
52510193 267000000
52777571 265000000
53042934 264000000
53307274 262000000
53569627 261000000
53830900 268000000
54099230 266000000
54365582 265000000
54630915 263000000
54894247 262000000
55156593 260000000
55416934 259000000
55676221 266000000
55942571 264000000
56206910 263000000
56470245 262000000
56732577 260000000
56992907 259000000
57252167 266000000
57518510 264000000
57782844 263000000
58046179 261000000
58307519 260000000
58567852 259000000
58827082 265000000
59092421 264000000
59356751 262000000
59619091 261000000
59880421 260000000
60141241 258000000
60399424 265000000
60664646 264000000
60928873 262000000
61191098 261000000
61452324 259000000
61711631 258000000
61969893 265000000
62235232 263000000
62498615 262000000
62760918 261000000
63022290 259000000
63281643 258000000
63539970 256000000
63796231 263000000
64059562 262000000
64321949 260000000
64582269 259000000
64841645 257000000
65098924 264000000
65363227 263000000
65626599 261000000
65887904 260000000
66148288 259000000
66407638 257000000
66664897 264000000
66929254 263000000
67192600 261000000
67453942 260000000
67714250 258000000
67972611 257000000
68229885 264000000
68494222 262000000
68756565 261000000
69017877 259000000
69277222 258000000
69535542 257000000
69792806 263000000
70056158 262000000
70318507 261000000
70579850 259000000
70839212 258000000
