0 333333333
333606 265000000
598845 253000000
852207 249000000
1101550 248000000
1349882 247000000
1597218 246000000
1843484 248000000
2091834 256000000
2348195 249000000
2597559 248000000
2845873 247000000
3093172 249000000
3342499 257000000
3599748 256000000
3856050 249000000
4105404 247000000
4352695 250000000
4603065 258000000
4861393 257000000
5118718 256000000
5375103 249000000
5624316 250000000
5874572 259000000
6133826 258000000
6392179 257000000
6649535 256000000
6905917 249000000
7155157 250000000
7405498 259000000
7664817 258000000
7923144 256000000
8179470 255000000
8434715 253000000
8688077 260000000
8948417 258000000
9206781 257000000
9464113 256000000
9720464 249000000
9969720 251000000
10221054 259000000
10480365 258000000
10738699 257000000
10996024 256000000
11252279 253000000
11505612 260000000
11765950 259000000
12025297 258000000
12283609 257000000
12540948 256000000
12797127 253000000
13050481 260000000
13310882 259000000
13570236 258000000
13828566 257000000
14085911 256000000
14342121 253000000
14595439 260000000
14855793 259000000
15115104 258000000
15373431 257000000
15630713 276000000
15907029 261000000
16168290 260000000
16428629 259000000
16688019 257000000
16945329 256000000
17201618 254000000
17455990 261000000
17717288 259000000
17976646 258000000
18234992 257000000
18492371 256000000
18748641 254000000
19003022 260000000
19263328 259000000
19522670 258000000
19781042 257000000
20038399 256000000
20294714 253000000
20548089 260000000
20808434 259000000
21067802 258000000
21326097 257000000
21583360 277000000
21860729 261000000
22122084 260000000
22382427 259000000
22641791 258000000
22900104 257000000
23157402 276000000
23433746 261000000
23695060 260000000
23955408 259000000
24214783 257000000
24472140 256000000
24728483 249000000
24977764 251000000
25229107 259000000
25488477 258000000
25746761 257000000
26004056 256000000
26260320 254000000
26514691 260000000
26775002 259000000
27034328 258000000
27292644 257000000
27549939 256000000
27806212 253000000
28059494 260000000
28319848 259000000
28579125 258000000
28837425 257000000
29094728 277000000
29372007 261000000
29633354 260000000
29893671 259000000
30153010 258000000
30411321 257000000
30668587 276000000
30944868 261000000
31206221 260000000
31466558 259000000
31725856 258000000
31984172 256000000
32240507 255000000
32495773 253000000
32749126 260000000
33009464 258000000
33267798 257000000
33525153 256000000
33781386 254000000
34035732 260000000
34296296 259000000
34555619 258000000
34813900 257000000
35071251 256000000
35327513 253000000
35580830 260000000
35841178 259000000
36100491 258000000
36358853 257000000
36616087 277000000
36893416 261000000
37154800 260000000
37415183 259000000
37674470 258000000
37932759 257000000
38190064 256000000
38446339 253000000
38699690 260000000
38960041 259000000
39219383 258000000
39477738 256000000
39733976 276000000
40010268 261000000
40271587 260000000
40531957 258000000
40790277 257000000
41047638 256000000
41303925 254000000
41558308 261000000
41819682 259000000
42079023 258000000
42337367 257000000
42594655 256000000
42850920 253000000
43104250 260000000
43364577 259000000
43623894 258000000
43882272 257000000
44139601 256000000
44395821 253000000
44649166 260000000
44909522 259000000
45168874 258000000
45427194 257000000
45684499 277000000
45961819 261000000
46223159 260000000
46483515 259000000
46742847 258000000
47001191 257000000
47258430 276000000
47534787 261000000
47796150 260000000
48056490 259000000
48315864 257000000
48573206 256000000
48829537 249000000
49078812 251000000
49330186 259000000
49589533 258000000
49847867 257000000
50105214 256000000
50361432 254000000
50615771 260000000
50876107 259000000
51135465 258000000
51393799 257000000
51651153 256000000
51907412 253000000
52160758 260000000
52421091 259000000
52680432 258000000
52938764 257000000
53196029 277000000
53473319 261000000
53734684 260000000
53994970 259000000
54254278 258000000
54512633 257000000
54769902 276000000
55046248 261000000
55307560 260000000
55567910 259000000
55827256 257000000
56084608 256000000
56340942 249000000
56590207 251000000
56841589 259000000
57100932 258000000
57359268 257000000
57616605 256000000
57872862 254000000
58127202 260000000
58387541 259000000
58646896 258000000
58905241 257000000
59162574 256000000
59418850 253000000
59672201 260000000
59932540 259000000
60192327 258000000
60450660 257000000
60707935 277000000
60985241 261000000
61246598 260000000
61506954 259000000
61766294 258000000
62024628 257000000
62281894 276000000
62558208 261000000
62819549 260000000
63079883 259000000
63339241 258000000
63597594 256000000
63853948 255000000
64109210 253000000
64362540 260000000
64622884 258000000
64881235 257000000
65138571 256000000
65394829 254000000
65649160 260000000
65909510 259000000
66168835 258000000
66427166 257000000
66684500 256000000
66940759 253000000
67194093 260000000
67454421 259000000
67713758 258000000
67972086 257000000
68229338 277000000
68506656 261000000
68768003 260000000
69028338 259000000
69287672 258000000
69546012 257000000
69803363 256000000
70059631 253000000
