0 333333333
333589 197000000
530844 199000000
730181 198000000
928436 208000000
1136770 207000000
1344112 205000000
1549387 208000000
1757693 199000000
1957032 212000000
2169305 220000000
2389624 209000000
2598956 205000000
2804194 237000000
3041533 221000000
3262863 216000000
3479194 212000000
3691453 246000000
3937788 229000000
4167123 224000000
4391456 220000000
4611713 256000000
4868048 237000000
5105386 232000000
5337715 228000000
5565980 267000000
5833324 247000000
6080672 241000000
6322019 236000000
6558278 279000000
6837592 257000000
7094937 250000000
7345277 245000000
7590637 240000000
7830972 235000000
8066230 277000000
8343563 256000000
8599903 249000000
8849243 244000000
9093602 239000000
9332859 283000000
9616194 260000000
9876527 254000000
10130860 248000000
10379197 243000000
10622461 289000000
10911812 265000000
11177155 259000000
11436494 253000000
11689841 247000000
11937178 242000000
12179435 287000000
12466704 264000000
12731045 257000000
12988380 252000000
13240716 246000000
13487053 241000000
13728311 286000000
14014643 263000000
14277978 256000000
14534314 251000000
14785651 245000000
15030984 240000000
15271240 285000000
15556571 262000000
15818905 255000000
16074239 250000000
16324573 244000000
16568827 290000000
16859151 267000000
17126483 260000000
17386816 254000000
17641150 249000000
17890480 243000000
18133739 289000000
18423073 265000000
18688407 259000000
18947741 253000000
19201076 248000000
19449407 242000000
19691667 288000000
19980001 264000000
20244335 258000000
20502673 252000000
20755025 247000000
21002356 241000000
21243611 286000000
21529942 263000000
21793277 257000000
22050623 251000000
22301959 246000000
22548290 241000000
22789549 285000000
23074898 262000000
23337232 256000000
23593569 250000000
23843901 245000000
24089157 291000000
24380497 267000000
24647833 260000000
24908162 254000000
25162493 249000000
25411829 244000000
25656092 289000000
25945431 266000000
26211770 259000000
26471110 253000000
26724455 248000000
26972797 243000000
27216058 288000000
27504404 265000000
27769744 258000000
28028086 252000000
28280432 247000000
28527786 242000000
28770033 287000000
29057381 263000000
29320715 257000000
29578047 251000000
29829383 246000000
30075665 241000000
30316893 285000000
30602246 262000000
30864579 256000000
31120936 250000000
31371276 245000000
31616614 240000000
31856876 284000000
32141224 261000000
32402565 255000000
32657923 249000000
32907280 244000000
33151540 290000000
33441878 266000000
33708212 259000000
33967581 254000000
34221923 248000000
34470262 243000000
34713523 288000000
35001874 265000000
35267209 258000000
35525489 253000000
35778851 247000000
36026201 242000000
36268463 287000000
36555825 264000000
36820142 257000000
37077497 252000000
37329867 246000000
37576192 241000000
37817391 286000000
38103733 263000000
38367102 256000000
38623467 251000000
38874798 245000000
39120082 292000000
39412441 268000000
39680766 261000000
39942118 255000000
40197404 249000000
40446761 244000000
40691005 239000000
40930230 283000000
41213538 260000000
41473888 254000000
41728213 248000000
41976563 243000000
42219838 289000000
42509181 265000000
42774537 259000000
43033882 253000000
43287221 247000000
43534552 242000000
43776823 287000000
44064155 264000000
44328497 258000000
44586780 252000000
44839087 246000000
45085412 241000000
45326671 286000000
45613006 263000000
45876348 256000000
46132665 251000000
46383987 245000000
46629189 292000000
46921539 268000000
47189888 261000000
47451205 255000000
47706551 250000000
47956890 244000000
48201168 291000000
48492494 283000000
48775838 261000000
49037171 254000000
49291509 249000000
49540842 243000000
49784175 238000000
50022437 282000000
50304773 259000000
50564111 253000000
50817466 248000000
51065814 242000000
51308113 288000000
51596420 264000000
51860777 258000000
52119115 252000000
52371455 247000000
52618700 242000000
52860963 286000000
53147321 263000000
53410651 257000000
53668001 251000000
53919341 246000000
54165671 241000000
54406936 285000000
54692267 262000000
54954600 256000000
55210934 250000000
55461246 245000000
55706527 291000000
55997879 267000000
56265154 260000000
56525489 255000000
56780822 249000000
57030155 244000000
57274419 290000000
57564755 266000000
57831089 259000000
58090422 253000000
58343763 248000000
58592096 243000000
58835349 288000000
59123714 265000000
59389065 258000000
59647379 252000000
59899728 247000000
60147561 242000000
60389828 287000000
60677165 263000000
60940509 257000000
61197822 251000000
61449163 246000000
61695493 241000000
61936758 285000000
62222117 262000000
62484472 256000000
62740814 250000000
62991171 245000000
63236515 240000000
63476762 284000000
63761132 261000000
64022491 255000000
64277860 249000000
64527203 244000000
64771476 290000000
65061804 266000000
65328153 259000000
65587496 254000000
65841839 248000000
66090180 243000000
66333450 289000000
66622793 265000000
66888147 258000000
67146491 253000000
67399843 247000000
67647178 242000000
67889389 287000000
68176729 264000000
68441072 257000000
68698409 252000000
68950743 246000000
69197078 241000000
