0 0
214122 3391
334599 6782
491851 10173
626187 6077
684190 9468
863441 12859
939186 8763
1065799 12154
1252180 8058
1256124 11449
1443379 14840
1565095 10744
1655731 14135
1854965 17526
1878126 13430
2083243 16821
2191185 12725
2297595 16116
2504169 12020
2506918 15411
2712197 18802
2817188 14706
2949502 18097
3130182 14001
3170835 17392
3387108 20783
3443174 16687
3639380 20078
3756121 15982
3873797 19373
4069174 15277
4102136 18668
4326392 22059
4382173 17963
4588740 21354
4695180 17258
4831076 20649
5008183 16553
5068418 19944
5300706 23335
5321166 19239
5574046 22630
5634174 18534
5826403 21925
5947175 17829
6072686 21220
6260154 17124
6314061 20515
6550348 23906
6573181 19810
6829710 23201
6886182 19105
7087051 22496
7199180 18400
7337361 21791
7512188 17695
7582741 21086
7822986 24477
7825159 20381
8107359 23772
8138170 19676
8368716 23067
8451158 18971
8624017 22362
8764150 18266
8873407 21657
9077179 17561
9117749 20952
9357005 24343
9390182 20247
9640254 23638
9703237 19542
9900618 22933
10016179 18837
10154826 22228
10329170 18132
10403207 21523
10642182 17427
10646539 20818
10884766 24209
10955221 20113
11167048 23504
11268168 19408
11426329 22799
11581164 18703
11679641 22094
11894144 17998
11926993 21389
12169310 24780
12207115 20684
12456609 24075
12520119 19979
12720990 23370
12833172 19274
12978400 22665
13146182 18569
13230759 21960
13459203 17864
13477136 21255
13718435 24646
13772132 20550
14004699 23941
14085178 19845
14268133 23236
14398180 19140
14524465 22531
14711185 18435
14775792 21826
15021016 25217
15024168 21121
15313355 24512
15337164 20416
15581739 23807
15650174 19711
15843026 23102
15963149 19006
16098408 22397
16276208 18301
16348752 21692
16589163 17596
16593099 20987
16832394 24378
16902184 20282
17115717 23673
17215176 19577
17377089 22968
17528178 18872
17631456 22263
17841125 18167
17880802 21558
18124078 24949
18154172 20853
18413423 24244
18467180 20148
18678721 23539
18780183 19443
18938080 22834
19093149 18738
19191330 22129
19406246 18033
19439699 21424
19681916 24815
19719112 20719
19970303 24110
20032174 20014
20234632 23405
20345174 19309
20492950 22700
20658174 18604
20745286 21995
20971178 17899
20992627 21290
21233879 24681
21284181 20585
21520205 23976
21597134 19880
21783514 23271
21910181 19175
22040834 22566
22223186 18470
22292200 21861
22536117 17765
22538495 21156
22779755 24547
22849155 20451
23065087 23842
23162174 19746
23327452 23137
23475174 19041
23583799 22432
23788181 18336
23834127 21727
24079453 25118
24101163 21022
24370787 24413
24414208 20317
24638115 23708
24727168 19612
24898480 23003
25040177 18907
25152786 22298
25353103 18202
25402060 21593
25646328 24984
25666190 20888
25935699 24279
25979178 20183
26202089 23574
26292179 19478
26461303 22869
26605169 18773
26714644 22164
26918182 18068
26962976 21459
27206249 24850
27231174 20754
27494622 24145
27544162 20049
27759983 23440
27857165 19344
28018346 22735
28170177 18639
28270662 22030
28483105 17934
28517868 21325
28760171 24716
28796173 20620
29047554 24011
29109163 19915
29310870 23306
29422126 19210
29568116 22601
29735165 18505
29819403 21896
30048098 17800
30065717 21191
30307029 24582
30361099 20486
30592362 23877
30674186 19781
30854610 23172
30987155 19076
31110990 22467
31300154 18371
31361232 21762
31606502 25153
31613124 21057
31897837 24448
31926151 20352
32165260 23743
32239181 19647
32426501 23038
32552195 18942
32681880 22333
32865186 18237
32931189 21628
33175446 25019
33178174 20923
33465842 24314
33491177 20218
33732182 23609
33804167 19513
33991550 22904
34117166 18808
34245881 22199
34430246 18103
34494298 21494
34737523 24885
34743145 20789
35025922 24180
35056181 20084
35291296 23475
35369133 19379
35549578 22770
35682211 18674
35802944 22065
35995187 17969
36050336 21360
36292482 24751
36308146 20655
36579882 24046
36621169 19950
36844277 23341
36934178 19245
37101612 22636
37247186 18540
37353854 21931
37560186 17835
37600249 21226
37841460 24617
37873156 20521
38127700 23912
38186119 19816
38391087 23207
38499179 19111
38647393 22502
38812173 18406
38898760 21797
39125137 17701
39144117 21092
39384421 24483
39438137 20387
39668808 23778
39751185 19682
39930186 23073
40064171 18977
40185479 22368
40377135 18272
40434759 21663
40679064 25054
40690174 20958
40969327 24349
41003118 20253
41235620 23644
41316163 19548
41495852 22939
41629162 18843
41750221 22234
41942181 18138
41998600 21529
42241869 24920
42255173 20824
42531194 24215
42568167 20119
42796568 23510
42881170 19414
43055862 22805
43194236 18709
43309202 22100
43507182 18004
43556582 21395
43798866 24786
43820174 20690
44086031 24081
44133109 19985
44350376 23376
44446250 19280
44608777 22671
44759162 18575
44861116 21966
45072168 17870
45107511 21261
45348790 24652
45385163 20556
45635041 23947
45698098 19851
45898344 23242
46011142 19146
46154697 22537
46324141 18441
46405974 21832
46637102 17736
46651310 21127
46891585 24518
46950124 20422
47176935 23813
47263179 19717
47439302 23108
47576181 19012
47694651 22403
47889158 18307
47944850 21698
48189125 25089
48202175 20993
48480360 24384
48515193 20288
48747768 23679
48828179 19583
49008059 22974
49141165 18878
49262474 22269
49454179 18173
49511823 21564
49755119 24955
49767175 20859
50044463 24250
50080197 20154
50309772 23545
50393146 19449
50569117 22840
50706186 18744
50822507 22135
51019162 18039
51070861 21430
51313102 24821
51332174 20725
51601445 24116
51645212 20020
51865806 23411
51958133 19315
52124047 22706
52271188 18610
52376442 22001
52584180 17905
52623766 21296
52866033 24687
52897179 20591
53152344 23982
53210238 19886
53415729 23277
53523183 19181
53673018 22572
53836136 18476
53924392 21867
54149171 17771
54170725 21162
54411990 24553
54462179 20457
54697294 23848
54775177 19752
54959670 23143
55088176 19047
55216002 22438
55401172 18342
55466309 21733
55711600 25124
55714175 21028
56002859 24419
56027236 20323
56270220 23714
56340177 19618
56530586 23009
56653178 18913
56785887 22304
56966237 18208
57035164 21599
57279186 17503
57279401 20894
57518652 24285
57592177 20189
57800982 23580
57905167 19484
58061340 22875
58218182 18779
58314725 22170
58531123 18074
58562990 21465
58806303 24856
58844185 20760
59094665 24151
59157158 20055
59360005 23446
59470174 19350
59618312 22741
59783186 18645
59870686 22036
60096183 17940
60118370 21331
60360564 24722
60409106 20626
60647825 24017
60722183 19921
60911073 23312
61035170 19216
61168327 22607
61348184 18511
61419640 21902
61661117 17806
61665870 21197
61907144 24588
61974171 20492
62192453 23883
62287180 19787
62454795 23178
62600176 19082
62711152 22473
62913171 18377
62961476 21768
63206758 25159
63226233 21063
63498108 24454
63539155 20358
63765511 23749
63852185 19653
64026841 23044
64165102 18948
64282142 22339
64478181 18243
64531395 21634
64775733 25025
64791170 20929
65066099 24320
65104169 20224
65332416 23615
65417138 19519
65591742 22910
65730183 18814
65846102 22205
66043178 18109
66094359 21500
66337566 24891
66356159 20795
66626978 24186
66669150 20090
66892303 23481
66982097 19385
67150632 22776
67295171 18680
67403900 22071
67608153 17975
67651251 21366
67893477 24757
67921137 20661
68180806 24052
68234240 19956
68445198 23347
68547143 19251
68702474 22642
68860166 18546
68954923 21937
69173156 17841
69201275 21232
69486089 17136
69799091 13040
70112091 8944
70425090 4848
70738087 752
