0 333333333
333711 263000000
596870 271000000
868212 271000000
1139601 271000000
1410959 271000000
1682305 271000000
1953639 271000000
2224974 271000000
2496246 278000000
2774599 278000000
3052956 278000000
3331416 278000000
3609773 278000000
3888119 278000000
4166471 278000000
4444818 278000000
4723137 278000000
5001396 286000000
5287751 286000000
5574110 286000000
5860474 286000000
6146840 286000000
6433194 286000000
6719535 286000000
7005885 286000000
7292229 286000000
7578561 286000000
7864999 286000000
8151347 286000000
8437599 294000000
8731952 294000000
9026293 294000000
9320636 294000000
9614986 294000000
9909328 294000000
10203673 294000000
10498017 294000000
10792359 294000000
11086703 294000000
11381040 294000000
11675379 294000000
11969713 294000000
12264048 294000000
12558392 294000000
12852728 294000000
13146982 294000000
13441250 303000000
13744590 303000000
14047940 303000000
14351283 303000000
14654618 303000000
14957963 303000000
15261315 303000000
15564652 303000000
15867989 303000000
16171322 303000000
16474657 303000000
16778000 303000000
17081344 303000000
17384779 303000000
17688131 303000000
17991466 303000000
18294802 303000000
18598134 303000000
18901472 303000000
19204808 303000000
19508131 303000000
19811475 303000000
20114823 303000000
20418168 303000000
20721530 303000000
21024888 303000000
21328249 303000000
21631612 303000000
21934983 303000000
22238337 303000000
22541689 303000000
22844972 313000000
23158338 313000000
23471684 313000000
23785042 313000000
24098403 313000000
24411742 303000000
24714971 313000000
25028322 313000000
25341660 313000000
25654973 313000000
25968327 313000000
26281688 313000000
26594988 313000000
26908320 313000000
27221774 313000000
27535100 313000000
27848398 313000000
28161746 313000000
28475105 313000000
28788467 313000000
29101825 313000000
29415172 313000000
29728524 313000000
30041886 313000000
30355259 313000000
30668622 313000000
30981982 313000000
31295339 313000000
31608680 313000000
31922032 313000000
32235390 313000000
32548754 313000000
32862108 313000000
33175454 313000000
33488750 303000000
33792004 313000000
34105362 313000000
34418722 313000000
34732082 313000000
35045441 313000000
35358797 313000000
35672147 313000000
35985506 313000000
36298891 313000000
36612238 313000000
36925584 313000000
37239027 313000000
37552387 313000000
37865745 313000000
38179085 313000000
38492444 313000000
38805786 313000000
39119100 313000000
39432457 313000000
39745813 313000000
40059166 313000000
40372509 313000000
40685851 313000000
40999183 313000000
41312536 313000000
41625890 313000000
41939246 313000000
42252560 313000000
42555838 313000000
42869193 313000000
43182546 313000000
43495890 313000000
43809241 313000000
44122592 313000000
44435933 313000000
44749279 313000000
45062635 313000000
45375982 313000000
45689340 313000000
46002703 313000000
46316068 313000000
46629428 313000000
46942786 313000000
47256236 313000000
47569589 313000000
47882955 313000000
48196318 313000000
48509676 313000000
48823037 313000000
49136403 313000000
49449746 313000000
49763063 313000000
50076424 313000000
50389766 313000000
50703103 313000000
51016447 313000000
51329788 303000000
51633061 313000000
51946416 313000000
52259778 313000000
52573141 313000000
52886503 313000000
53199792 313000000
53513152 313000000
53826492 313000000
54139842 313000000
54453199 313000000
54766551 313000000
55079895 313000000
55393255 313000000
55706596 313000000
56019944 313000000
56333295 313000000
56646628 313000000
56959969 313000000
57273360 313000000
57586706 313000000
57900071 313000000
58213412 313000000
58526768 313000000
58840126 313000000
59153491 313000000
59466852 313000000
59780239 313000000
60093573 313000000
60396872 313000000
60710231 313000000
61023572 313000000
61336919 313000000
61650277 313000000
61963630 313000000
62276990 313000000
62590350 313000000
62903709 313000000
63217070 313000000
63530428 313000000
63843765 313000000
64157126 313000000
64470483 313000000
64783843 313000000
65097206 313000000
65410566 313000000
65723921 313000000
66037278 313000000
66350640 313000000
66663987 313000000
66977332 313000000
67290712 313000000
67604065 313000000
67917431 313000000
68230798 313000000
68544159 313000000
