0 333333333
333733 263000000
596932 271000000
868281 271000000
1139664 271000000
1410999 271000000
1682336 271000000
1953696 271000000
2224965 271000000
2496228 278000000
2774577 278000000
3052932 278000000
3331406 278000000
3609752 278000000
3888098 278000000
4166441 278000000
4444816 278000000
4723191 278000000
5001461 286000000
5287808 286000000
5574146 286000000
5860510 286000000
6146851 286000000
6433188 286000000
6719525 286000000
7005879 286000000
7292225 286000000
7578566 286000000
7865020 286000000
8151350 286000000
8437605 294000000
8731953 294000000
9026294 294000000
9320637 294000000
9615000 294000000
9909359 294000000
10203692 294000000
10498049 294000000
10792407 294000000
11086748 294000000
11381090 294000000
11675439 294000000
11969815 294000000
12264156 294000000
12558485 294000000
12852837 294000000
13147198 294000000
13441460 303000000
13744817 303000000
14048161 303000000
14351507 303000000
14654846 303000000
14958187 303000000
15261529 303000000
15564890 303000000
15868225 303000000
16171578 303000000
16474912 303000000
16778256 303000000
17081593 303000000
17385022 303000000
17688370 303000000
17991710 303000000
18295054 303000000
18598395 303000000
18901735 303000000
19205078 303000000
19508445 303000000
19811784 303000000
20115123 303000000
20418473 303000000
20721831 303000000
21025187 303000000
21328544 303000000
21631882 303000000
21935221 303000000
22238551 303000000
22541883 303000000
22845141 313000000
23158481 313000000
23471855 313000000
23785179 303000000
24088447 313000000
24401778 313000000
24715140 313000000
25028501 313000000
25341860 313000000
25655218 313000000
25968589 313000000
26281931 313000000
26595266 313000000
26908603 313000000
27222072 313000000
27535414 313000000
27848771 313000000
28162112 313000000
28475491 313000000
28788828 313000000
29102166 313000000
29415454 313000000
29728820 313000000
30042174 313000000
30355517 313000000
30668845 313000000
30982214 313000000
31295573 313000000
31608936 313000000
31922293 313000000
32235656 313000000
32549001 313000000
32862329 303000000
33165589 313000000
33478959 313000000
33792297 313000000
34105653 313000000
34418993 313000000
34732329 313000000
35045670 313000000
35359026 313000000
35672367 313000000
35985722 313000000
36299061 313000000
36612401 313000000
36925756 313000000
37239218 313000000
37552553 313000000
37865863 313000000
38179198 313000000
38492578 313000000
38805872 313000000
39119217 313000000
39432574 313000000
39745969 313000000
40059311 313000000
40372653 313000000
40686020 313000000
40999391 313000000
41312733 313000000
41626073 313000000
41929306 313000000
42242664 313000000
42556026 313000000
42869371 313000000
43182727 313000000
43496098 313000000
43809438 313000000
44122794 313000000
44436134 313000000
44749500 313000000
45062846 313000000
45376187 313000000
45689545 313000000
46002909 313000000
46316249 313000000
46629606 313000000
46942945 313000000
47256389 313000000
47569729 313000000
47883065 313000000
48196403 313000000
48509767 313000000
48823123 313000000
49136481 313000000
49449820 313000000
49763200 313000000
50076543 313000000
50389897 313000000
50703223 303000000
51006492 313000000
51319832 313000000
51633173 313000000
51946512 313000000
52259873 313000000
52573208 313000000
52886562 313000000
53199893 313000000
53513271 313000000
53826570 313000000
54139936 313000000
54453282 313000000
54766658 313000000
55079994 313000000
55393353 313000000
55706695 313000000
56020069 313000000
56333411 313000000
56646753 313000000
56960092 313000000
57273541 313000000
57586825 313000000
57900174 313000000
58213532 313000000
58526898 313000000
58840238 313000000
59153583 313000000
59466938 313000000
59780276 303000000
60083556 313000000
60396912 313000000
60710278 313000000
61023642 313000000
61336998 313000000
61650338 313000000
61963688 313000000
62277065 313000000
62590426 313000000
62903810 313000000
63217148 313000000
63530524 313000000
63843875 313000000
64157201 313000000
64470493 313000000
64783880 313000000
65097222 313000000
65410564 313000000
65723897 313000000
66037277 313000000
66350620 313000000
66663881 313000000
66977105 313000000
67290360 313000000
67603574 313000000
67916796 313000000
68230043 313000000
68543358 313000000
68856695 313000000
69169997 313000000
69483269 303000000
69786440 313000000
70099702 313000000
70412948 313000000
70726180 313000000
71039436 313000000
71352699 313000000
71665968 313000000
71979236 313000000
72292493 313000000
72605810 313000000
72919063 313000000
73232407 313000000
73545732 313000000
73859111 313000000
74172421 313000000
74485683 313000000
74798908 313000000
75112133 313000000
75425360 313000000
75738590 313000000
76051813 313000000
76365045 313000000
76678296 313000000
76991607 313000000
77304961 313000000
77618194 313000000
77931428 313000000
78244659 313000000
78557892 313000000
78871126 313000000
79184358 313000000
79497589 313000000
79810824 313000000
80124059 313000000
80437291 313000000
80750522 313000000
81063756 313000000
81376992 313000000
81690253 303000000
81993393 313000000
82306621 313000000
82619940 313000000
82933208 313000000
83246444 313000000
83559672 313000000
83872928 313000000
84186154 313000000
84499381 313000000
84812682 313000000
85125953 313000000
85439224 313000000
85752494 313000000
86065751 313000000
86379033 313000000
86692322 313000000
87005716 313000000
87319030 313000000
87632296 313000000
87945591 313000000
88258929 313000000
88572302 313000000
88885659 313000000
89198993 313000000
89512345 313000000
89825681 313000000
90139019 313000000
90452370 313000000
90765711 313000000
91079079 313000000
91392394 313000000
91705746 313000000
92019089 313000000
92322368 313000000
92635715 313000000
92949058 313000000
93262394 313000000
93575709 313000000
93889060 313000000
94202401 313000000
94515743 313000000
94829108 313000000
95142404 313000000
95455695 313000000
95769047 313000000
96082406 313000000
96395744 313000000
96709035 313000000
97022375 313000000
97335833 313000000
97649168 313000000
97962498 313000000
98275771 313000000
98589130 313000000
98902470 313000000
99215800 313000000
99529131 313000000
99842469 313000000
100155845 313000000
100469187 313000000
100782525 313000000
101095852 313000000
101409193 303000000
101712446 313000000
102025761 313000000
102339127 313000000
102652498 313000000
102965855 313000000
103279201 313000000
103592563 313000000
103905900 313000000
104219262 313000000
104532635 313000000
104845997 313000000
105159348 313000000
105472703 313000000
105786043 313000000
106099338 313000000
106412660 313000000
106726014 313000000
107039358 313000000
107352811 313000000
107666156 313000000
107979475 313000000
108292822 313000000
108606243 313000000
108919549 313000000
109232894 313000000
109546248 313000000
109859610 313000000
110172894 313000000
110486209 303000000
110789475 313000000
111102840 313000000
111416189 313000000
111729544 313000000
112042876 313000000
112356223 313000000
112669573 313000000
112982914 313000000
113296264 313000000
113609625 313000000
113922962 313000000
114236309 313000000
114549669 313000000
114863044 313000000
115176416 313000000
115489756 313000000
115803128 313000000
116116519 313000000
116429884 313000000
116743210 313000000
117056555 313000000
117369984 313000000
117683295 313000000
117996622 313000000
118309939 313000000
118623289 313000000
118936621 313000000
119249998 313000000
119563378 303000000
119866651 313000000
120180050 313000000
120493372 313000000
120806743 313000000
121120137 313000000
121433495 313000000
121746837 313000000
122060185 313000000
122373552 313000000
122686915 313000000
123000273 313000000
123313603 313000000
123626968 313000000
123940327 313000000
124253673 313000000
124567028 313000000
124880394 313000000
125193731 313000000
125507075 313000000
125820431 313000000
126133818 313000000
126447194 313000000
126760553 313000000
127073906 313000000
127387367 313000000
127700727 313000000
128014062 313000000
128327441 303000000
128630653 313000000
128943948 313000000
129257301 313000000
129570649 313000000
129884051 313000000
130197381 313000000
130510737 313000000
130824099 313000000
131137474 313000000
131450821 313000000
131764178 313000000
132077516 313000000
132390863 313000000
132704218 313000000
133017578 313000000
133330920 313000000
133644281 313000000
133957624 313000000
134270960 313000000
134584327 313000000
134897677 313000000
135211026 313000000
135524387 313000000
135837755 313000000
136151133 313000000
136464500 313000000
136777839 313000000
137091025 313000000
137404336 313000000
137717522 313000000
138030626 313000000
138343808 313000000
138657016 313000000
138970196 313000000
139283400 313000000
139596584 313000000
139909792 313000000
140222999 313000000
140536205 313000000
140849393 313000000
141162588 313000000
141475754 313000000
141788964 313000000
142102165 313000000
142415361 313000000
142728549 313000000
143041743 313000000
143354930 313000000
143668139 313000000
143981340 313000000
144294533 313000000
144607724 313000000
144920921 313000000
145234107 313000000
145547267 313000000
145860468 313000000
146173658 313000000
146486851 313000000
146800049 313000000
147113180 313000000
147426492 313000000
147739693 313000000
148052885 313000000
148366068 313000000
148679267 313000000
148992425 313000000
149305626 313000000
149618819 313000000
149932016 313000000
150245204 313000000
150558381 313000000
150871569 313000000
151184761 313000000
151497961 313000000
151811145 313000000
152124367 313000000
152437569 313000000
152750766 313000000
153063950 313000000
153377133 313000000
153690288 313000000
154003508 313000000
154316708 313000000
154629898 313000000
154943080 313000000
155256279 313000000
155569472 313000000
155882660 313000000
156195860 313000000
156509023 313000000
156822229 313000000
157135418 313000000
157448699 313000000
157761899 313000000
158075082 313000000
158388245 313000000
158701440 313000000
159014612 313000000
159327817 313000000
159641019 313000000
159954216 313000000
160267405 313000000
160580601 313000000
160893780 313000000
161206967 313000000
161520155 313000000
161833350 313000000
162146537 313000000
162459717 313000000
162772901 313000000
163086084 313000000
163399272 313000000
163712458 313000000
164025573 313000000
164338751 313000000
164651932 313000000
164965128 313000000
165278308 313000000
165591489 313000000
165904670 313000000
166217852 313000000
166531034 313000000
166844212 313000000
167157322 313000000
167470578 313000000
167783772 313000000
168096950 313000000
168410138 313000000
168723270 313000000
169036440 313000000
169349623 313000000
169662780 313000000
169975986 313000000
170289144 313000000
170602352 313000000
170915532 313000000
171228662 313000000
171541866 313000000
171855052 313000000
172168254 313000000
172481442 313000000
172794630 313000000
173107825 313000000
173421011 313000000
173734208 313000000
174047412 313000000
174360574 313000000
174673768 313000000
174986954 313000000
175300164 313000000
175613336 313000000
175926506 313000000
176239705 313000000
176552871 313000000
176866053 313000000
177179252 313000000
177492534 313000000
177805755 313000000
178118956 313000000
178432114 313000000
178745287 313000000
179058476 313000000
179371677 313000000
179684841 313000000
179998023 313000000
180311240 313000000
180624425 313000000
180937621 313000000
181250814 313000000
181564007 313000000
181877184 313000000
182190371 313000000
182503563 313000000
182816748 313000000
183129938 313000000
183443127 313000000
183756338 313000000
184069524 313000000
184382719 313000000
184695908 313000000
185009052 313000000
185322227 313000000
185635425 313000000
185948619 313000000
186261797 313000000
186574984 313000000
186888138 313000000
187201343 313000000
187514628 313000000
187827815 313000000
188141009 313000000
188454188 313000000
188767349 313000000
189080497 313000000
189393680 313000000
189706867 313000000
190020061 313000000
190333261 313000000
190646449 313000000
190959629 313000000
191272809 313000000
191585991 313000000
191899189 313000000
192212367 313000000
192525486 313000000
192838629 313000000
193151792 313000000
193464997 313000000
193778115 313000000
194091296 313000000
194404520 313000000
194717691 313000000
195030908 313000000
195344081 313000000
195657216 313000000
195970401 313000000
196283594 313000000
196596776 313000000
196909982 313000000
197223180 313000000
197536460 313000000
197849653 313000000
198162790 313000000
198475982 313000000
198789173 313000000
199102359 313000000
199415545 313000000
199728730 313000000
200041911 313000000
200355062 313000000
200668203 313000000
200981432 313000000
201294623 313000000
201607811 313000000
201920994 313000000
202234167 313000000
202547349 313000000
202860529 313000000
203173702 313000000
203486874 313000000
203800054 313000000
204113225 313000000
204426402 313000000
204739582 313000000
205052755 313000000
205365934 313000000
205679109 313000000
205992291 313000000
206305465 313000000
206618639 313000000
206931824 313000000
207245001 313000000
207558214 313000000
207871335 313000000
208184517 313000000
208497720 313000000
208810908 313000000
209124089 313000000
209437272 313000000
209750453 313000000
210063635 313000000
210376816 313000000
210689996 313000000
211003202 313000000
211316391 313000000
211629563 313000000
211942738 313000000
212255932 313000000
212569075 313000000
212882225 313000000
213195357 313000000
213508542 313000000
213821737 313000000
214134928 313000000
214448104 313000000
214761288 313000000
215074465 313000000
215387643 313000000
215700834 313000000
216014010 313000000
216327191 313000000
216640374 313000000
216953556 313000000
217266737 313000000
217579915 313000000
217893094 313000000
218206290 313000000
218519437 313000000
218832616 313000000
219145791 313000000
219458966 313000000
219772620 313000000
