0 333333333
333579 197000000
530850 199000000
730194 198000000
928455 208000000
1136790 207000000
1344119 205000000
1549345 208000000
1757682 199000000
1957024 212000000
2169285 220000000
2389622 209000000
2598974 205000000
2804236 237000000
3041567 221000000
3262904 216000000
3479243 212000000
3691419 246000000
3937761 229000000
4167104 224000000
4391414 220000000
4611641 256000000
4867986 237000000
5105326 232000000
5337662 228000000
5565926 267000000
5833277 247000000
6080617 241000000
6321951 236000000
6558209 279000000
6837510 257000000
7094836 250000000
7345180 245000000
7590536 240000000
7830887 235000000
8066160 277000000
8343450 256000000
8599805 249000000
8849147 244000000
9093495 239000000
9332766 283000000
9616105 260000000
9876400 254000000
10130754 248000000
10379095 243000000
10622354 289000000
10911675 265000000
11177014 259000000
11436381 253000000
11689736 247000000
11937071 242000000
12179330 287000000
12466664 264000000
12731017 257000000
12988368 252000000
13240711 246000000
13487052 241000000
13728313 286000000
14014660 263000000
14278016 256000000
14534368 251000000
14785703 245000000
15031038 240000000
15271297 285000000
15556655 262000000
15818996 255000000
16074339 250000000
16324687 244000000
16568936 290000000
16859288 267000000
17126635 260000000
17386980 254000000
17641338 249000000
17890695 243000000
18133959 289000000
18423318 265000000
18688659 259000000
18948014 253000000
19201365 248000000
19449701 242000000
19691967 288000000
19980302 264000000
20244636 258000000
20502974 252000000
20755329 247000000
21002664 241000000
21243923 286000000
21530253 263000000
21793581 257000000
22050917 251000000
22302252 246000000
22548586 241000000
22789850 285000000
23075187 262000000
23337518 256000000
23593850 250000000
23844206 245000000
24089460 291000000
24380799 267000000
24648141 260000000
24908482 254000000
25162818 249000000
25412153 244000000
25656414 289000000
25945747 266000000
26212086 259000000
26471405 253000000
26724747 248000000
26973018 243000000
27216285 288000000
27504643 265000000
27770001 258000000
28028349 252000000
28280682 247000000
28528021 242000000
28770291 287000000
29057639 263000000
29320990 257000000
29578330 251000000
29829673 246000000
30076010 241000000
30317276 285000000
30602611 262000000
30864954 256000000
31121296 250000000
31371573 245000000
31616906 240000000
31857171 284000000
32141533 261000000
32402873 255000000
32658219 249000000
32907578 244000000
33151842 290000000
33442187 266000000
33708529 259000000
33967886 254000000
34222231 248000000
34470566 243000000
34713832 288000000
35002171 265000000
35267428 258000000
35525771 253000000
35779114 247000000
36026449 242000000
36268704 287000000
36556061 264000000
36820379 257000000
37077743 252000000
37330078 246000000
37576408 241000000
37817668 286000000
38104008 263000000
38367353 256000000
38623692 251000000
38875027 245000000
39120296 292000000
39412637 268000000
39680980 261000000
39942323 255000000
40197665 249000000
40446949 244000000
40691220 239000000
40930486 283000000
41213828 260000000
41474164 254000000
41728505 248000000
41976845 243000000
42220113 289000000
42509455 265000000
42774808 259000000
43034142 253000000
43287478 247000000
43534812 242000000
43777078 287000000
44064387 264000000
44328727 258000000
44587009 252000000
44839343 246000000
45085696 241000000
45326961 286000000
45613300 263000000
45876613 256000000
46132965 251000000
46384307 245000000
46629574 292000000
46921922 268000000
47190265 261000000
47451563 255000000
47706919 250000000
47957256 244000000
48201550 239000000
48440809 283000000
48724146 261000000
48985484 254000000
49239817 249000000
49489155 243000000
49732418 289000000
50021761 265000000
50287093 259000000
50546365 253000000
50799706 248000000
51048041 242000000
51290237 288000000
51578574 264000000
51842909 258000000
52101263 252000000
52353594 247000000
52600928 242000000
52843194 286000000
53129525 263000000
53392861 257000000
53650139 251000000
53901498 246000000
54147758 292000000
54440094 268000000
54708428 261000000
54969764 256000000
55226099 250000000
55476429 245000000
55721762 240000000
55962034 284000000
56246309 261000000
56507674 255000000
56763027 249000000
57012377 244000000
57256654 290000000
57546939 266000000
57813237 259000000
58072595 253000000
58325947 248000000
58574283 243000000
58817521 288000000
59105890 265000000
59371218 258000000
59629587 252000000
59881940 247000000
60129728 242000000
60372009 287000000
60659372 263000000
60922741 257000000
61180070 251000000
61431380 246000000
61677740 241000000
61919016 285000000
62204360 262000000
62466662 256000000
62722957 250000000
62973341 245000000
63218597 291000000
63509946 267000000
63777301 261000000
64038672 255000000
64293996 249000000
64543342 244000000
64787613 290000000
65077966 266000000
65344316 259000000
65603654 254000000
65857995 248000000
66106330 243000000
66349594 289000000
66638941 265000000
66904282 258000000
67162623 253000000
67415979 247000000
67663336 242000000
67905607 287000000
68192947 264000000
68457282 257000000
68714632 252000000
68966973 246000000
69213306 241000000
