0 333333333
333521 265000000
598755 253000000
852093 249000000
1101425 248000000
1349764 247000000
1597103 246000000
1843358 248000000
2091693 256000000
2348085 249000000
2597429 248000000
2845787 247000000
3093046 249000000
3342396 257000000
3599736 256000000
3856065 249000000
4105409 247000000
4352667 250000000
4603002 258000000
4861358 257000000
5118694 256000000
5375029 249000000
5624284 250000000
5874641 259000000
6133982 258000000
6392317 257000000
6649656 256000000
6905988 249000000
7155234 250000000
7405583 259000000
7664922 258000000
7923263 256000000
8179618 255000000
8434885 253000000
8688218 260000000
8948552 258000000
9206882 257000000
9464223 256000000
9720556 249000000
9969792 251000000
10221127 259000000
10480454 258000000
10738824 257000000
10996158 256000000
11252417 253000000
11505731 260000000
11766075 259000000
12025412 258000000
12283748 257000000
12541089 256000000
12797355 253000000
13050695 260000000
13311032 259000000
13570370 258000000
13828702 257000000
14086033 256000000
14342294 253000000
14595646 260000000
14855979 259000000
15115312 258000000
15373652 257000000
15630912 276000000
15907246 261000000
16168580 260000000
16428911 259000000
16688247 257000000
16945554 256000000
17201814 254000000
17456150 261000000
17717496 259000000
17976837 258000000
18235187 257000000
18492518 256000000
18748776 254000000
19003107 260000000
19263443 259000000
19522780 258000000
19781114 257000000
20038440 256000000
20294698 253000000
20548029 260000000
20808367 259000000
21067701 258000000
21326035 257000000
21583293 277000000
21860626 261000000
22121957 260000000
22382292 259000000
22641630 258000000
22899963 257000000
23157239 276000000
23433594 261000000
23694926 260000000
23955265 259000000
24214618 257000000
24471954 256000000
24728291 249000000
24977550 251000000
25228890 259000000
25488216 258000000
25746604 257000000
26003946 256000000
26260226 254000000
26514562 260000000
26774899 259000000
27034234 258000000
27292567 257000000
27549902 256000000
27806171 253000000
28059526 260000000
28319866 259000000
28579203 258000000
28837534 257000000
29094793 277000000
29372166 261000000
29633509 260000000
29893850 259000000
30153073 259000000
30412293 259000000
30671502 259000000
30930678 259000000
31189867 259000000
31449091 259000000
31708297 259000000
31967511 259000000
32226666 259000000
32485858 259000000
32745077 259000000
33004234 259000000
33263416 259000000
33522625 259000000
33781827 259000000
34041032 259000000
34300228 259000000
34559425 259000000
34818632 259000000
35077832 259000000
35337008 259000000
35596206 259000000
35855413 259000000
36114617 259000000
36373811 259000000
36633000 259000000
36892230 259000000
37151446 259000000
37410664 259000000
37669881 259000000
37929084 259000000
38188309 259000000
38447482 259000000
38706724 259000000
38965946 259000000
39225144 259000000
39484343 259000000
39743557 259000000
40002769 259000000
40261944 259000000
40521154 259000000
40780349 259000000
41039502 259000000
41298670 259000000
41557889 259000000
41817092 259000000
42076298 259000000
42335512 259000000
42594711 259000000
42853916 259000000
43113115 259000000
43372309 259000000
43631505 259000000
43890701 259000000
44149898 259000000
44409096 259000000
44668294 259000000
44927490 259000000
45186684 259000000
45445875 259000000
45705068 259000000
45964263 259000000
46223465 259000000
46482657 259000000
46741854 259000000
47001049 259000000
47260249 259000000
47519446 259000000
47778621 259000000
48037822 259000000
48297022 259000000
48556221 259000000
48815416 259000000
49074611 259000000
49333810 259000000
49593011 259000000
49852206 259000000
50111372 259000000
50370578 259000000
50629780 259000000
50888976 259000000
51148172 259000000
51407368 259000000
51666564 259000000
51925760 259000000
52184956 259000000
52444151 259000000
52703350 259000000
52962552 259000000
53221752 259000000
53480946 259000000
53740143 259000000
53999336 259000000
54258530 259000000
54517726 259000000
54776889 259000000
55036084 259000000
55295279 259000000
55554477 259000000
55813673 259000000
56072868 259000000
56332070 259000000
56591264 259000000
56850467 259000000
57109663 259000000
57368858 259000000
57628053 259000000
57887249 259000000
58146443 259000000
58405637 259000000
58664834 259000000
58924028 259000000
59183221 259000000
59442414 259000000
59701611 259000000
59960807 259000000
60220005 259000000
60479200 259000000
60738395 259000000
60997594 259000000
61256790 259000000
61515985 259000000
61775181 259000000
62034377 259000000
62293572 259000000
62552772 259000000
62811971 259000000
63071167 259000000
63330361 259000000
63589558 259000000
63848754 259000000
64107950 259000000
64367145 259000000
64626336 259000000
64885531 259000000
65144726 259000000
65403918 259000000
65663116 259000000
65922315 259000000
66181513 259000000
66440704 259000000
66699900 259000000
66959091 259000000
67218288 259000000
67477424 259000000
67736620 259000000
67995816 259000000
68255012 259000000
68514208 259000000
68773404 259000000
69032598 259000000
69291792 259000000
69550986 259000000
69810180 259000000
70069373 259000000
