0 0
215221 3391
334561 6782
531856 10173
626196 6077
731188 9468
929448 12859
939181 8763
1137781 12154
1252177 8058
1345119 11449
1550395 14840
1565174 10744
1758682 14135
1878248 10039
1958040 13430
2170277 16821
2191176 12725
2390629 16116
2504177 12020
2599928 15411
2805180 18802
2817154 14706
3042538 18097
3130193 14001
3263868 17392
3443177 13296
3480199 16687
3692462 20078
3756178 15982
3938795 19373
4069179 15277
4168128 18668
4382198 14572
4392458 17963
4612718 21354
4695179 17258
4869057 20649
5008181 16553
5106358 19944
5321175 15848
5338718 19239
5567005 22630
5634190 18534
5834308 21925
5947181 17829
6081660 21220
6260179 17124
6323026 20515
6559249 23906
6573173 19810
6838579 23201
6886193 19105
7095944 22496
7199189 18400
7346253 21791
7512179 17695
7591644 21086
7825158 16990
7831979 20381
8067236 23772
8138193 19676
8344580 23067
8451179 18971
8600882 22362
8764165 18266
8850216 21657
9077178 17561
9094571 20952
9333870 24343
9390198 20247
9617171 23638
9703175 19542
9877533 22933
10016180 18837
10131867 22228
10329182 18132
10380204 21523
10623475 24914
10642201 20818
10912829 24209
10955176 20113
11178135 23504
11268177 19408
11437466 22799
11581179 18703
11690853 22094
11894195 17998
11938157 21389
12180438 24780
12207178 20684
12467725 24075
12520239 19979
12732049 23370
12833173 19274
12989352 22665
13146190 18569
13241688 21960
13459196 17864
13488058 21255
13729282 24646
13772175 20550
14015654 23941
14085174 19845
14278949 23236
14398192 19140
14535320 22531
14711174 18435
14786624 21826
15024173 17730
15031986 21121
15272245 24512
15337172 20416
15557583 23807
15650188 19711
15819910 23102
15963178 19006
16075212 22397
16276169 18301
16325545 21692
16569797 25083
16589171 20987
16860156 24378
16902190 20282
17127489 23673
17215171 19577
17387828 22968
17528175 18872
17642122 22263
17841170 18167
17891486 21558
18134745 24949
18154183 20853
18424050 24244
18467173 20148
18689415 23539
18780177 19443
18948747 22834
19093171 18738
19202079 22129
19406196 18033
19450385 21424
19692637 24815
19719172 20719
19980972 24110
20032174 20014
20245306 23405
20345175 19309
20503698 22700
20658185 18604
20756034 21995
20971180 17899
21003362 21290
21244618 24681
21284178 20585
21530948 23976
21597180 19880
21794294 23271
21910185 19175
22051629 22566
22223178 18470
22302964 21861
22536172 17765
22549295 21156
22790555 24547
22849172 20451
23075904 23842
23162187 19746
23338204 23137
23475178 19041
23594545 22432
23788175 18336
23844906 21727
24090135 25118
24101168 21022
24381510 24413
24414189 20317
24648804 23708
24727173 19612
24909168 23003
25040175 18907
25163499 22298
25353180 18202
25412841 21593
25657069 24984
25666196 20888
25946408 24279
25979173 20183
26212780 23574
26292172 19478
26472126 22869
26605171 18773
26725466 22164
26918191 18068
26973806 21459
27217064 24850
27231168 20754
27505416 24145
27544172 20049
27770754 23440
27857173 19344
28029093 22735
28170187 18639
28281440 22030
28483205 17934
28528780 21325
28771025 24716
28796232 20620
29058395 24011
29109178 19915
29321728 23306
29422198 19210
29579055 22601
29735186 18505
29830396 21896
30048185 17800
30076600 21191
30317885 24582
30361184 20486
30603226 23877
30674200 19781
30865593 23172
30987184 19076
31121914 22467
31300189 18371
31372291 21762
31613176 17666
31617619 21057
31857904 24448
31926198 20352
32142205 23743
32239185 19647
32403579 23038
32552185 18942
32658901 22333
32865183 18237
32908288 21628
33152553 25019
33178189 20923
33442901 24314
33491176 20218
33709201 23609
33804158 19513
33968555 22904
34117179 18808
34222896 22199
34430194 18103
34471269 21494
34714494 24885
34743179 20789
35002880 24180
35056178 20084
35268216 23475
35369194 19379
35526455 22770
35682199 18674
35779833 22065
35995180 17969
36027209 21360
36269446 24751
36308177 20655
36556818 24046
36621190 19950
36821165 23341
36934127 19245
37078520 22636
37247189 18540
37330822 21931
37560190 17835
37577206 21226
37818392 24617
37873184 20521
38104762 23912
38186214 19816
38368129 23207
38499182 19111
38624465 22502
38812183 18406
38875795 21797
39121109 25188
39125174 21092
39413458 24483
39438184 20387
39681763 23778
39751195 19682
39943133 23073
40064202 18977
40198419 22368
40377183 18272
40447776 21663
40690131 17567
40691938 20958
40931256 24349
41003178 20253
41214565 23644
41316186 19548
41474862 22939
41629183 18843
41729208 22234
41942203 18138
41977543 21529
42220843 24920
42255178 20824
42510154 24215
42568180 20119
42775557 23510
42881180 19414
43034891 22805
43194190 18709
43288200 22100
43507179 18004
43535560 21395
43777830 24786
43820181 20690
44065168 24081
44133190 19985
44329517 23376
44446201 19280
44587734 22671
44759127 18575
44840066 21966
45072188 17870
45086423 21261
45327646 24652
45385186 20556
45614026 23947
45698116 19851
45877365 23242
46011188 19146
46133655 22537
46324188 18441
46384996 21832
46630220 25223
46637177 21127
46922558 24518
46950193 20422
47190901 23813
47263153 19717
47452197 23108
47576177 19012
47707527 22403
47889184 18307
47957908 21698
48202153 17602
48202277 20993
48493508 24384
48515180 20288
48776812 23679
48828181 19583
49038151 22974
49141181 18878
49292523 22269
49454197 18173
49541855 21564
49767179 17468
49785187 20859
50023446 24250
50080193 20154
50305761 23545
50393177 19449
50565131 22840
50706200 18744
50818460 22135
51019168 18039
51066841 21430
51309079 24821
51332174 20725
51597445 24116
51645180 20020
51861789 23411
51958205 19315
52120086 22706
52271183 18610
52372434 22001
52584209 17905
52619686 21296
52861991 24687
52897189 20591
53148346 23982
53210193 19886
53411645 23277
53523148 19181
53669009 22572
53836180 18476
53920355 21867
54149172 17771
54166681 21162
54407916 24553
54462194 20457
54693280 23848
54775186 19752
54955611 23143
55088179 19047
55211944 22438
55401158 18342
55462242 21733
55707533 25124
55714183 21028
55998893 24419
56027178 20323
56266139 23714
56340180 19618
56526497 23009
56653188 18913
56781828 22304
56966197 18208
57031165 21599
57275424 24990
57279174 20894
57565761 24285
57592173 20189
57832060 23580
57905149 19484
58091434 22875
58218192 18779
58344736 22170
58531176 18074
58593068 21465
58836354 24856
58844153 20760
59124746 24151
59157180 20055
59390040 23446
59470205 19350
59648369 22741
59783176 18645
59900750 22036
60096182 17940
60148574 21331
60390837 24722
60409175 20626
60678146 24017
60722190 19921
60941516 23312
61035153 19216
61198823 22607
61348192 18511
61450154 21902
61661129 17806
61696468 21197
61937786 24588
61974191 20492
62223152 23883
62287182 19787
62485481 23178
62600137 19082
62741842 22473
62913185 18377
62992192 21768
63226198 17672
63237520 21063
63477776 24454
63539192 20358
63762097 23749
63852156 19653
64023465 23044
64165179 18948
64278809 22339
64478189 18243
64528169 21634
64772423 25025
64791099 20929
65062775 24320
65104179 20224
65329101 23615
65417190 19519
65588462 22910
65730197 18814
65842786 22205
66043187 18109
66091131 21500
66334398 24891
66356176 20795
66623759 24186
66669175 20090
66889094 23481
66982194 19385
67147460 22776
67295180 18680
67400800 22071
67608172 17975
67648124 21366
67890340 24757
67921177 20661
68177675 24052
68234188 19956
68442027 23347
68547175 19251
68699355 22642
68860184 18546
68951690 21937
69173183 17841
69198023 21232
69486091 17136
69799085 13040
70112086 8944
70425089 4848
70738085 752
